# Radius(nm)	H1_g(r)	H2_g(r)	NAC_g(r)	C-term_g(r)
0.050000 0.000000 0.000000 0.000002 0.000006
0.150000 0.000000 0.000000 0.000001 0.000003
0.250000 0.000000 0.000000 0.000001 0.000002
0.350000 0.000000 0.000000 0.000001 0.000001
0.450000 0.000000 0.000000 0.000001 0.000001
0.550000 0.000001 0.000000 0.000001 0.000000
0.650000 0.000001 0.000000 0.000001 0.000000
0.750000 0.000001 0.000000 0.000001 0.000000
0.850000 0.000001 0.000000 0.000001 0.000000
0.950000 0.000000 0.000000 0.000001 0.000000
1.050000 0.000000 0.000000 0.000001 0.000000
1.150000 0.000000 0.000000 0.000001 0.000000
1.250000 0.000000 0.000000 0.000001 0.000000
1.350000 0.000001 0.000000 0.000001 0.000000
1.450000 0.000001 0.000000 0.000001 0.000000
1.550000 0.000001 0.000000 0.000001 0.000000
1.650000 0.000001 0.000000 0.000000 0.000000
1.750000 0.000001 0.000000 0.000001 0.000000
1.850000 0.000001 0.000000 0.000001 0.000000
1.950000 0.000001 0.000000 0.000001 0.000000
2.050000 0.000001 0.000000 0.000001 0.000000
2.150000 0.000001 0.000000 0.000001 0.000000
2.250000 0.000001 0.000000 0.000001 0.000000
2.350000 0.000000 0.000000 0.000001 0.000000
2.450000 0.000000 0.000000 0.000001 0.000000
2.550000 0.000000 0.000000 0.000001 0.000000
2.650000 0.000000 0.000000 0.000001 0.000000
2.750000 0.000000 0.000000 0.000001 0.000000
2.850000 0.000000 0.000000 0.000001 0.000000
2.950000 0.000000 0.000000 0.000001 0.000000
3.050000 0.000000 0.000000 0.000001 0.000000
3.150000 0.000000 0.000000 0.000001 0.000000
3.250000 0.000000 0.000000 0.000001 0.000000
3.350000 0.000000 0.000000 0.000001 0.000000
3.450000 0.000000 0.000000 0.000001 0.000000
3.550000 0.000000 0.000000 0.000001 0.000000
3.650000 0.000000 0.000000 0.000001 0.000000
3.750000 0.000000 0.000000 0.000001 0.000000
3.850000 0.000000 0.000000 0.000001 0.000000
3.950000 0.000000 0.000000 0.000001 0.000000
4.050000 0.000000 0.000000 0.000001 0.000000
4.150000 0.000000 0.000000 0.000000 0.000000
4.250000 0.000000 0.000000 0.000000 0.000000
4.350000 0.000000 0.000000 0.000000 0.000000
4.450000 0.000000 0.000000 0.000000 0.000000
4.550000 0.000000 0.000000 0.000000 0.000000
4.650000 0.000000 0.000000 0.000000 0.000000
4.750000 0.000000 0.000000 0.000000 0.000000
4.850000 0.000000 0.000000 0.000000 0.000000
4.950000 0.000000 0.000000 0.000000 0.000000
5.050000 0.000000 0.000000 0.000000 0.000000
5.150000 0.000000 0.000000 0.000000 0.000000
5.250000 0.000000 0.000000 0.000000 0.000000
5.350000 0.000000 0.000000 0.000000 0.000000
5.450000 0.000000 0.000000 0.000000 0.000000
5.550000 0.000000 0.000000 0.000000 0.000000
5.650000 0.000000 0.000000 0.000000 0.000000
5.750000 0.000000 0.000000 0.000000 0.000000
5.850000 0.000000 0.000000 0.000000 0.000000
5.950000 0.000000 0.000000 0.000000 0.000000
6.050000 0.000000 0.000000 0.000000 0.000000
6.150000 0.000000 0.000000 0.000000 0.000000
6.250000 0.000000 0.000000 0.000000 0.000000
6.350000 0.000000 0.000000 0.000000 0.000000
6.450000 0.000000 0.000000 0.000000 0.000000
6.550000 0.000000 0.000000 0.000000 0.000000
6.650000 0.000000 0.000000 0.000000 0.000000
6.750000 0.000000 0.000000 0.000000 0.000000
6.850000 0.000000 0.000000 0.000000 0.000000
6.950000 0.000000 0.000000 0.000000 0.000000
7.050000 0.000000 0.000000 0.000000 0.000000
7.150000 0.000000 0.000000 0.000000 0.000000
7.250000 0.000000 0.000000 0.000000 0.000000
7.350000 0.000000 0.000000 0.000000 0.000000
7.450000 0.000000 0.000000 0.000000 0.000000
7.550000 0.000000 0.000000 0.000000 0.000000
7.650000 0.000000 0.000000 0.000000 0.000000
7.750000 0.000000 0.000000 0.000000 0.000000
7.850000 0.000000 0.000000 0.000000 0.000000
7.950000 0.000000 0.000000 0.000000 0.000000
8.050000 0.000000 0.000000 0.000000 0.000000
8.150000 0.000000 0.000000 0.000000 0.000000
8.250000 0.000000 0.000000 0.000000 0.000000
8.350000 0.000000 0.000000 0.000000 0.000000
8.450000 0.000000 0.000000 0.000000 0.000000
8.550000 0.000000 0.000000 0.000000 0.000000
8.650000 0.000000 0.000000 0.000000 0.000000
8.750000 0.000000 0.000000 0.000000 0.000000
8.850000 0.000000 0.000000 0.000000 0.000000
8.950000 0.000000 0.000000 0.000000 0.000000
9.050000 0.000000 0.000000 0.000000 0.000000
9.150000 0.000000 0.000000 0.000000 0.000000
9.250000 0.000000 0.000000 0.000000 0.000000
9.350000 0.000000 0.000000 0.000000 0.000000
9.450000 0.000000 0.000000 0.000000 0.000000
9.550000 0.000000 0.000000 0.000000 0.000000
9.650000 0.000000 0.000000 0.000000 0.000000
9.750000 0.000000 0.000000 0.000000 0.000000
9.850000 0.000000 0.000000 0.000000 0.000000
9.950000 0.000000 0.000000 0.000000 0.000000
10.050000 0.000000 0.000000 0.000000 0.000000
10.150000 0.000000 0.000000 0.000000 0.000000
10.250000 0.000000 0.000000 0.000000 0.000000
10.350000 0.000000 0.000000 0.000000 0.000000
10.450000 0.000000 0.000000 0.000000 0.000000
10.550000 0.000000 0.000000 0.000000 0.000000
10.650000 0.000000 0.000000 0.000000 0.000000
10.750000 0.000000 0.000000 0.000000 0.000000
10.850000 0.000000 0.000000 0.000000 0.000000
10.950000 0.000000 0.000000 0.000000 0.000000
11.050000 0.000000 0.000000 0.000000 0.000000
11.150000 0.000000 0.000000 0.000000 0.000000
11.250000 0.000000 0.000000 0.000000 0.000000
11.350000 0.000000 0.000000 0.000000 0.000000
11.450000 0.000000 0.000000 0.000000 0.000000
11.550000 0.000000 0.000000 0.000000 0.000000
11.650000 0.000000 0.000000 0.000000 0.000000
11.750000 0.000000 0.000000 0.000000 0.000000
11.850000 0.000000 0.000000 0.000000 0.000000
11.950000 0.000000 0.000000 0.000000 0.000000
12.050000 0.000000 0.000000 0.000000 0.000000
12.150000 0.000000 0.000000 0.000000 0.000000
12.250000 0.000000 0.000000 0.000000 0.000000
12.350000 0.000000 0.000000 0.000000 0.000000
12.450000 0.000000 0.000000 0.000000 0.000000
12.550000 0.000000 0.000000 0.000000 0.000000
12.650000 0.000000 0.000000 0.000000 0.000000
12.750000 0.000000 0.000000 0.000000 0.000000
12.850000 0.000000 0.000000 0.000000 0.000000
12.950000 0.000000 0.000000 0.000000 0.000000
13.050000 0.000000 0.000000 0.000000 0.000000
13.150000 0.000000 0.000000 0.000000 0.000000
13.250000 0.000000 0.000000 0.000000 0.000000
13.350000 0.000000 0.000000 0.000000 0.000000
13.450000 0.000000 0.000000 0.000000 0.000000
13.550000 0.000000 0.000000 0.000000 0.000000
13.650000 0.000000 0.000000 0.000000 0.000000
13.750000 0.000000 0.000000 0.000000 0.000000
13.850000 0.000000 0.000000 0.000000 0.000000
13.950000 0.000000 0.000000 0.000000 0.000000
14.050000 0.000000 0.000000 0.000000 0.000000
14.150000 0.000000 0.000000 0.000000 0.000000
14.250000 0.000000 0.000000 0.000000 0.000000
14.350000 0.000000 0.000000 0.000000 0.000000
14.450000 0.000000 0.000000 0.000000 0.000000
14.550000 0.000000 0.000000 0.000000 0.000000
14.650000 0.000000 0.000000 0.000000 0.000000
14.750000 0.000000 0.000000 0.000000 0.000000
14.850000 0.000000 0.000000 0.000000 0.000000
14.950000 0.000000 0.000000 0.000000 0.000000
