# Radius(nm)	H1_rho(#/nm^3)	H2_rho(#/nm^3)	NAC_rho(#/nm^3)	C-term_rho(#/nm^3)
5.000000000000e-02 7.956951459449e-03 0.000000000000e+00 0.000000000000e+00 7.956951459449e-03
1.500000000000e-01 2.614426908105e-02 1.023036616215e-02 2.273414702700e-02 7.956951459449e-03
2.500000000000e-01 2.010177210808e-02 1.256360756755e-02 2.219570670267e-02 1.465754216214e-02
3.500000000000e-01 2.150527421473e-02 8.387056943743e-03 2.150527421473e-02 1.913969405111e-02
4.500000000000e-01 2.243599427910e-02 1.460948464686e-02 1.760964667255e-02 1.460948464686e-02
5.500000000000e-01 2.334622021619e-02 1.617621999998e-02 1.608878097295e-02 2.011097621619e-02
6.500000000000e-01 2.399616070054e-02 1.566329027451e-02 1.735492562415e-02 2.092615580674e-02
7.500000000000e-01 2.307045097710e-02 1.534891228272e-02 1.666722376713e-02 2.010425013719e-02
8.500000000000e-01 2.255080713162e-02 1.587723493982e-02 1.741729006101e-02 2.075407615690e-02
9.500000000000e-01 2.328362548835e-02 1.661857758689e-02 1.879132447988e-02 2.119896292886e-02
1.050000000000e+00 2.473626299629e-02 1.519272907061e-02 1.774087666789e-02 2.103423724175e-02
1.150000000000e+00 2.349004309943e-02 1.421027351322e-02 1.871988076354e-02 2.124526082372e-02
1.250000000000e+00 2.366726500199e-02 1.423429056392e-02 1.749172058570e-02 2.059645857520e-02
1.350000000000e+00 2.165978194355e-02 1.427014512197e-02 1.854682469981e-02 2.113610689320e-02
1.450000000000e+00 2.128579090895e-02 1.487987753114e-02 2.016349506127e-02 2.127318084325e-02
1.550000000000e+00 2.062627222983e-02 1.601322686222e-02 1.957785282810e-02 2.050487629911e-02
1.650000000000e+00 2.047186287364e-02 1.644956060589e-02 2.010177210808e-02 2.162109209299e-02
1.750000000000e+00 1.881442385352e-02 1.727325153602e-02 1.975817544120e-02 2.060668604297e-02
1.850000000000e+00 1.854039419909e-02 1.836219567565e-02 1.984201819635e-02 2.039985705232e-02
1.950000000000e+00 1.768521376088e-02 1.777587140240e-02 2.050954797742e-02 1.842442222249e-02
2.050000000000e+00 1.711280916576e-02 1.819813482082e-02 2.088620882694e-02 1.850732643185e-02
2.150000000000e+00 1.788736456421e-02 1.890851622952e-02 2.065824239760e-02 1.767510270120e-02
2.250000000000e+00 1.684631724397e-02 1.954927113013e-02 2.138267008392e-02 1.687774694032e-02
2.350000000000e+00 1.587068471544e-02 2.043740821449e-02 2.117691969594e-02 1.756099667303e-02
2.450000000000e+00 1.612155240174e-02 1.988133346336e-02 2.092841702577e-02 1.791529048754e-02
2.550000000000e+00 1.644001605999e-02 2.017990559782e-02 2.037566862707e-02 1.799796350105e-02
2.650000000000e+00 1.677115397789e-02 2.022659326854e-02 2.062689552516e-02 1.764351078241e-02
2.750000000000e+00 1.659071721228e-02 2.056042591747e-02 2.049379653108e-02 1.787070279302e-02
2.850000000000e+00 1.693586672965e-02 2.020092682791e-02 2.083108342687e-02 1.828433655023e-02
2.950000000000e+00 1.702927796070e-02 1.997008920481e-02 2.033883341262e-02 1.804713387317e-02
3.050000000000e+00 1.747621370348e-02 1.992516436764e-02 1.956879785656e-02 1.808061130628e-02
3.150000000000e+00 1.754966183498e-02 1.940993668072e-02 1.963712541907e-02 1.837823252777e-02
3.250000000000e+00 1.718691471755e-02 1.937388370499e-02 1.980324271400e-02 1.827412203278e-02
3.350000000000e+00 1.757524443241e-02 1.929330315264e-02 1.980612123007e-02 1.848744617382e-02
3.450000000000e+00 1.786358998891e-02 1.959714032088e-02 2.032799444541e-02 1.867243159624e-02
3.550000000000e+00 1.788577901451e-02 1.930207849407e-02 2.031221779598e-02 1.831719267470e-02
3.650000000000e+00 1.831273366912e-02 1.938772836216e-02 2.052841717534e-02 1.800018891577e-02
3.750000000000e+00 1.790549825930e-02 1.920871074058e-02 2.031766723694e-02 1.795453375064e-02
3.850000000000e+00 1.838848440494e-02 1.936185557515e-02 2.055530882981e-02 1.737217038898e-02
3.950000000000e+00 1.863024738209e-02 1.948866662734e-02 2.018390122399e-02 1.791121502419e-02
4.050000000000e+00 1.860448760260e-02 1.946308163328e-02 2.000313889552e-02 1.768283299340e-02
4.150000000000e+00 1.891989658037e-02 1.947890052459e-02 1.972683340343e-02 1.764789311502e-02
4.250000000000e+00 1.918683977129e-02 1.923235840854e-02 1.958182407514e-02 1.784917917347e-02
4.350000000000e+00 1.897222035496e-02 1.961696188593e-02 1.950202969998e-02 1.814807248493e-02
4.450000000000e+00 1.919793674798e-02 1.920195473390e-02 1.928499310968e-02 1.821754818236e-02
4.550000000000e+00 1.896037378841e-02 1.918584850374e-02 1.892450281098e-02 1.783556242448e-02
4.650000000000e+00 1.889208669314e-02 1.932507634401e-02 1.852410681989e-02 1.800402859901e-02
4.750000000000e+00 1.917943861905e-02 1.935693893969e-02 1.895609384474e-02 1.801569479502e-02
4.850000000000e+00 1.931903164322e-02 1.965052430711e-02 1.908225116901e-02 1.834372159470e-02
4.950000000000e+00 1.886352783075e-02 1.958875670815e-02 1.916877341795e-02 1.806252877212e-02
5.050000000000e+00 1.894130923160e-02 1.951746282048e-02 1.915554684768e-02 1.854923359440e-02
5.150000000000e+00 1.875788556948e-02 1.947288120772e-02 1.919788288532e-02 1.862588637473e-02
5.250000000000e+00 1.876123867516e-02 1.936938879275e-02 1.884110649123e-02 1.861112567145e-02
5.350000000000e+00 1.856683782380e-02 1.926273517399e-02 1.851772655941e-02 1.853811236727e-02
5.450000000000e+00 1.839001406210e-02 1.931598855020e-02 1.850698865992e-02 1.842305268896e-02
5.550000000000e+00 1.814488021913e-02 1.917038927531e-02 1.811129931804e-02 1.861501283431e-02
5.650000000000e+00 1.821366710808e-02 1.921233638387e-02 1.800097215416e-02 1.844297885526e-02
5.750000000000e+00 1.790253913908e-02 1.875206142918e-02 1.764744179417e-02 1.811832903147e-02
5.850000000000e+00 1.776073406021e-02 1.828928581782e-02 1.728720748558e-02 1.793510964007e-02
5.950000000000e+00 1.788871923065e-02 1.801008502826e-02 1.716277195975e-02 1.792842532493e-02
6.050000000000e+00 1.728921426304e-02 1.784354154348e-02 1.669938105222e-02 1.751529284016e-02
6.150000000000e+00 1.733741675187e-02 1.729113502134e-02 1.652117532252e-02 1.713546010955e-02
6.250000000000e+00 1.696292502017e-02 1.689502714954e-02 1.629345201573e-02 1.695409829699e-02
6.350000000000e+00 1.658810935404e-02 1.691238620529e-02 1.608689442372e-02 1.667296070051e-02
6.450000000000e+00 1.627601720693e-02 1.647683763076e-02 1.588393923661e-02 1.628047988302e-02
6.550000000000e+00 1.596521415898e-02 1.640352342670e-02 1.564683718737e-02 1.594234047364e-02
6.650000000000e+00 1.549467407514e-02 1.592709753201e-02 1.512822368381e-02 1.547368264519e-02
6.750000000000e+00 1.513968787456e-02 1.550409285032e-02 1.479623909549e-02 1.523981192541e-02
6.850000000000e+00 1.476702116062e-02 1.485802557811e-02 1.439226383892e-02 1.496655258530e-02
6.950000000000e+00 1.445330731596e-02 1.446758381434e-02 1.384106517413e-02 1.468392767432e-02
7.050000000000e+00 1.383328097936e-02 1.397576009141e-02 1.355846171831e-02 1.429913964908e-02
7.150000000000e+00 1.331623349480e-02 1.354191478089e-02 1.304282191371e-02 1.422103386940e-02
7.250000000000e+00 1.293477669551e-02 1.310432046432e-02 1.249376105878e-02 1.371538446441e-02
7.350000000000e+00 1.251009317815e-02 1.281006833343e-02 1.212665521370e-02 1.309285996918e-02
7.450000000000e+00 1.192610879668e-02 1.227638478129e-02 1.148025955569e-02 1.275520679572e-02
7.550000000000e+00 1.145501362377e-02 1.183469156021e-02 1.114001121818e-02 1.225578044804e-02
7.650000000000e+00 1.096579128056e-02 1.145525460438e-02 1.074326675094e-02 1.179289365645e-02
7.750000000000e+00 1.051064757411e-02 1.090189342532e-02 1.048989299735e-02 1.140044485424e-02
7.850000000000e+00 1.014901906279e-02 1.041888483685e-02 9.958778756355e-03 1.096980699124e-02
7.950000000000e+00 9.684223871615e-03 1.004134457685e-02 9.629669592320e-03 1.042700136664e-02
8.050000000000e+00 9.367354974148e-03 9.581821440109e-03 9.288362554433e-03 1.006478027567e-02
8.150000000000e+00 8.905700225829e-03 9.200387342659e-03 8.904502310720e-03 9.665178404976e-03
8.250000000000e+00 8.403139295340e-03 8.780353116426e-03 8.536411120559e-03 9.084306402011e-03
8.350000000000e+00 7.901792595290e-03 8.440067028292e-03 8.084007049995e-03 8.668310604124e-03
8.450000000000e+00 7.563579927048e-03 7.908662225065e-03 7.850343688156e-03 8.217713325120e-03
8.550000000000e+00 7.136621002570e-03 7.518667871696e-03 7.549870180095e-03 7.777356777381e-03
8.650000000000e+00 6.779732419184e-03 7.175329061441e-03 7.137045515416e-03 7.425944496993e-03
8.750000000000e+00 6.411565919782e-03 6.645746736822e-03 6.853945954338e-03 6.844938999837e-03
8.850000000000e+00 6.095464368646e-03 6.143550809777e-03 6.349442050673e-03 6.461192230765e-03
8.950000000000e+00 5.712674609041e-03 5.763996962510e-03 6.091797800796e-03 6.012993154825e-03
9.050000000000e+00 5.414198504356e-03 5.348783820590e-03 5.732528376345e-03 5.502605477960e-03
9.150000000000e+00 5.026593494728e-03 5.149510131518e-03 5.338003427627e-03 5.149826926974e-03
9.250000000000e+00 4.772186985010e-03 4.751418129667e-03 4.939577759411e-03 4.718249957703e-03
9.350000000000e+00 4.422483754314e-03 4.404887262734e-03 4.676419331069e-03 4.373031545220e-03
9.450000000000e+00 4.099503601761e-03 4.054359462989e-03 4.294336200671e-03 4.059705479422e-03
9.550000000000e+00 3.792791233293e-03 3.757893598882e-03 4.023406434029e-03 3.739863154436e-03
9.650000000000e+00 3.611203334444e-03 3.479902385064e-03 3.657058980539e-03 3.438603821811e-03
9.750000000000e+00 3.336345087559e-03 3.264919736964e-03 3.406375411775e-03 3.101422645367e-03
9.850000000000e+00 3.119140280768e-03 2.978901984183e-03 3.193223279549e-03 2.851238661561e-03
9.950000000000e+00 2.949330952395e-03 2.748940403535e-03 2.929238317148e-03 2.625705574023e-03
1.005000000000e+01 2.729170539522e-03 2.515941781888e-03 2.711051347063e-03 2.390945613619e-03
1.015000000000e+01 2.470730357405e-03 2.293091100699e-03 2.489524075869e-03 2.218431123243e-03
1.025000000000e+01 2.314455756218e-03 2.041810444621e-03 2.227613175487e-03 1.974154015448e-03
1.035000000000e+01 2.106783457337e-03 1.901775030651e-03 2.119658382685e-03 1.824277883848e-03
1.045000000000e+01 1.960760328810e-03 1.734397313022e-03 1.959060177403e-03 1.627044895664e-03
1.055000000000e+01 1.787937072871e-03 1.535581300491e-03 1.727171518615e-03 1.473147672196e-03
1.065000000000e+01 1.633388366422e-03 1.376863378882e-03 1.600884288694e-03 1.357688311446e-03
1.075000000000e+01 1.498024811094e-03 1.263922573111e-03 1.419990731766e-03 1.229036749412e-03
1.085000000000e+01 1.347299309893e-03 1.109381572227e-03 1.342793292135e-03 1.097891226942e-03
1.095000000000e+01 1.254672616218e-03 9.852453865721e-04 1.198707846842e-03 1.005375007178e-03
1.105000000000e+01 1.163642515036e-03 9.270909565376e-04 1.068717784950e-03 8.897292778767e-04
1.115000000000e+01 1.095715545372e-03 8.266934848745e-04 9.860586547329e-04 8.200799369955e-04
1.125000000000e+01 9.692354420699e-04 7.376667580726e-04 8.969357172020e-04 7.456302060291e-04
1.135000000000e+01 8.933477988602e-04 6.833420936660e-04 8.031688783944e-04 6.555472209197e-04
1.145000000000e+01 8.116571980196e-04 5.988298370234e-04 7.226419519756e-04 6.046967509672e-04
1.155000000000e+01 7.435845795542e-04 5.469521867256e-04 6.706178574429e-04 5.509285748515e-04
1.165000000000e+01 6.816279856217e-04 5.045766797234e-04 6.038504803816e-04 4.971506867608e-04
1.175000000000e+01 6.191664345784e-04 4.501107527823e-04 5.626864681602e-04 4.493423178650e-04
1.185000000000e+01 5.634293019568e-04 4.204470754797e-04 4.910882283231e-04 4.331020413634e-04
1.195000000000e+01 5.161496721787e-04 3.742503020655e-04 4.758457934947e-04 3.833511778974e-04
1.205000000000e+01 4.909962012580e-04 3.510768968816e-04 4.219498604561e-04 3.538168310404e-04
1.215000000000e+01 4.331792618315e-04 3.108254346613e-04 3.717328464244e-04 3.187308214388e-04
1.225000000000e+01 4.172985271943e-04 2.614080989921e-04 3.356416362312e-04 2.875665835430e-04
1.235000000000e+01 3.622250123485e-04 2.514533691099e-04 3.001442013027e-04 2.684951603774e-04
1.245000000000e+01 3.182712138357e-04 2.330566630345e-04 2.696749639812e-04 2.529058355103e-04
1.255000000000e+01 3.044627254171e-04 2.017402350939e-04 2.512491074792e-04 2.485547470772e-04
1.265000000000e+01 2.681764630447e-04 1.841434180734e-04 2.297234720519e-04 2.201102243037e-04
1.275000000000e+01 2.599073935267e-04 1.600559655051e-04 2.104711473003e-04 2.001923238275e-04
1.285000000000e+01 2.268045190613e-04 1.402268733290e-04 1.837566358401e-04 1.932335952059e-04
1.295000000000e+01 2.041784964351e-04 1.328504546906e-04 1.467681213724e-04 1.734963676137e-04
1.305000000000e+01 1.963891055247e-04 1.127563143536e-04 1.552735433848e-04 1.591670625268e-04
1.315000000000e+01 1.782288412183e-04 1.003112410987e-04 1.225515009754e-04 1.496999561351e-04
1.325000000000e+01 1.608945167805e-04 9.668778473195e-05 1.193489842785e-04 1.474488717162e-04
1.335000000000e+01 1.453970033082e-04 8.467850039139e-05 1.038762623430e-04 1.381048301638e-04
1.345000000000e+01 1.403107100789e-04 7.374742650960e-05 9.456677952027e-05 1.240364270917e-04
1.355000000000e+01 1.304465635679e-04 6.269524760627e-05 8.234168464418e-05 1.126780947762e-04
1.365000000000e+01 1.194318527735e-04 5.907535029914e-05 7.160217156740e-05 9.964516917928e-05
1.375000000000e+01 1.087226040846e-04 5.246742442275e-05 6.930189215197e-05 8.950325342704e-05
1.385000000000e+01 9.775600260362e-05 4.618176077738e-05 6.401842886206e-05 9.111910285118e-05
1.395000000000e+01 9.431510953801e-05 4.197840135507e-05 5.737956808599e-05 9.036259772211e-05
1.405000000000e+01 9.324604976035e-05 4.057681127900e-05 4.957895152964e-05 7.860077681528e-05
1.415000000000e+01 8.663402957497e-05 3.232217617170e-05 4.874820012781e-05 7.603659476457e-05
1.425000000000e+01 7.458131754207e-05 3.134766411576e-05 4.036011754904e-05 6.805055418462e-05
1.435000000000e+01 7.277267550364e-05 2.820746183239e-05 3.683714193636e-05 5.937735116315e-05
1.445000000000e+01 6.440150045402e-05 2.248336406383e-05 3.734524878399e-05 5.893944025773e-05
1.455000000000e+01 5.825734799710e-05 2.330293919884e-05 2.806375473409e-05 5.474937865534e-05
1.465000000000e+01 5.635252248915e-05 2.001997509483e-05 2.632255984690e-05 5.140931876203e-05
1.475000000000e+01 5.620056416991e-05 1.475112421813e-05 2.279719197348e-05 4.864213688459e-05
1.485000000000e+01 4.510266180893e-05 1.551531566227e-05 2.321283661100e-05 4.353910286622e-05
1.495000000000e+01 4.165321862860e-05 1.507110759497e-05 1.874988188980e-05 4.260257973695e-05
