# Radius(nm)	H1_P(r)	H2_P(r)	NAC_P(r)	C-term_P(r)
5.000000000000e-02 0.000000000000e+00 0.000000000000e+00 6.738826015642e-05 2.642808207343e-04
1.500000000000e-01 0.000000000000e+00 0.000000000000e+00 4.380236910167e-04 9.283710882203e-04
2.500000000000e-01 6.758528587224e-06 0.000000000000e+00 7.277932096894e-04 1.484038454892e-03
3.500000000000e-01 2.027558576167e-04 0.000000000000e+00 1.132240581254e-03 1.619567080910e-03
4.500000000000e-01 8.192628364944e-04 0.000000000000e+00 2.386133462666e-03 1.524697042698e-03
5.500000000000e-01 2.276789115068e-03 8.762900843733e-05 3.680577110799e-03 1.389168416680e-03
6.500000000000e-01 4.487473821704e-03 6.538472168016e-04 4.578019077137e-03 1.228021302473e-03
7.500000000000e-01 5.361598833255e-03 1.666914911457e-03 5.755994092646e-03 1.005291411752e-03
8.500000000000e-01 4.601344628649e-03 2.923383959235e-03 8.029287431745e-03 7.015417928241e-04
9.500000000000e-01 4.011629096270e-03 5.168525651609e-03 9.386070337567e-03 9.751273477831e-04
1.050000000000e+00 5.185848452688e-03 6.232828433705e-03 1.385794040445e-02 1.099482690421e-03
1.150000000000e+00 6.544774996164e-03 7.372619215624e-03 1.475966746093e-02 1.600175982405e-03
1.250000000000e+00 8.576754251382e-03 8.693426831800e-03 1.408186711331e-02 1.975919036945e-03
1.350000000000e+00 1.148325938684e-02 1.042860781395e-02 1.288309219716e-02 2.297980676920e-03
1.450000000000e+00 1.348070288679e-02 1.099299589334e-02 1.450410267283e-02 2.645279492944e-03
1.550000000000e+00 1.663713216791e-02 1.069129389468e-02 1.614909919432e-02 3.486169098101e-03
1.650000000000e+00 1.952364554092e-02 1.040292758592e-02 1.683355818962e-02 5.145053215291e-03
1.750000000000e+00 2.219255234592e-02 1.124627098882e-02 1.958622631454e-02 6.462291320382e-03
1.850000000000e+00 2.545509397132e-02 1.276395610162e-02 2.451958851648e-02 9.030302931302e-03
1.950000000000e+00 2.779046803278e-02 1.394032725381e-02 3.418294270795e-02 1.114029328467e-02
2.050000000000e+00 3.109110394200e-02 1.533432929635e-02 4.568068340852e-02 1.245592035234e-02
2.150000000000e+00 3.403501286268e-02 1.718918721090e-02 5.375666031957e-02 1.400197131382e-02
2.250000000000e+00 3.438406438868e-02 1.693401207910e-02 5.926182096567e-02 1.776857503498e-02
2.350000000000e+00 3.230575699003e-02 1.906117092441e-02 6.628456552743e-02 1.949974645970e-02
2.450000000000e+00 3.237731119124e-02 2.136199740867e-02 7.018722216484e-02 2.212128214009e-02
2.550000000000e+00 3.630950794339e-02 2.650267868449e-02 7.430132798170e-02 2.702941188209e-02
2.650000000000e+00 3.970239166531e-02 3.174141879494e-02 7.436132899812e-02 3.157395990868e-02
2.750000000000e+00 4.228506865893e-02 3.390583381845e-02 6.964260961266e-02 3.498744979979e-02
2.850000000000e+00 4.401606240794e-02 3.979648586126e-02 6.745640523418e-02 3.977422861437e-02
2.950000000000e+00 4.531274166881e-02 4.374181421480e-02 6.987375641472e-02 4.573493807124e-02
3.050000000000e+00 4.910852273414e-02 4.418237291386e-02 7.334244153559e-02 5.304550247023e-02
3.150000000000e+00 5.284027760678e-02 4.802664585966e-02 7.593365296958e-02 5.995194526494e-02
3.250000000000e+00 5.681123628581e-02 5.704467311201e-02 8.227053112787e-02 6.211267180986e-02
3.350000000000e+00 5.797475893622e-02 6.464547006800e-02 8.989363161896e-02 6.325215532001e-02
3.450000000000e+00 5.992912060439e-02 6.728496350055e-02 1.026802907023e-01 6.603163801391e-02
3.550000000000e+00 6.172041040154e-02 7.019441670650e-02 1.145602950432e-01 7.017609378862e-02
3.650000000000e+00 6.391463407015e-02 7.377650985551e-02 1.255725482561e-01 7.401527539201e-02
3.750000000000e+00 7.098313187195e-02 8.181687938205e-02 1.314042410117e-01 7.972529239309e-02
3.850000000000e+00 7.323964466781e-02 8.473091688802e-02 1.281351226991e-01 8.392614768077e-02
3.950000000000e+00 7.210578303009e-02 8.680043027397e-02 1.194300975729e-01 8.874964044506e-02
4.050000000000e+00 7.363924851632e-02 9.244604130735e-02 1.071424570654e-01 9.069216233796e-02
4.150000000000e+00 7.467223842110e-02 9.250846475522e-02 1.025018281096e-01 9.730510709830e-02
4.250000000000e+00 7.664438775885e-02 9.391399333977e-02 1.004583596834e-01 9.909270403158e-02
4.350000000000e+00 8.480765396574e-02 1.022599126189e-01 1.044928717675e-01 1.038052769064e-01
4.450000000000e+00 9.519454335744e-02 1.096748334259e-01 1.092728328990e-01 1.110651617496e-01
4.550000000000e+00 9.927615488688e-02 1.131239929812e-01 1.134953777097e-01 1.186943833056e-01
4.650000000000e+00 1.089020069825e-01 1.178017163815e-01 1.190346193447e-01 1.216692544548e-01
4.750000000000e+00 1.152802093186e-01 1.208723325366e-01 1.276840157777e-01 1.288952873669e-01
4.850000000000e+00 1.213113874191e-01 1.232475991048e-01 1.362738091241e-01 1.307753003874e-01
4.950000000000e+00 1.259689412357e-01 1.209298074060e-01 1.348875188466e-01 1.335418092378e-01
5.050000000000e+00 1.322630659234e-01 1.230338917739e-01 1.324840611380e-01 1.356602667366e-01
5.150000000000e+00 1.327343768574e-01 1.346468183143e-01 1.355723876150e-01 1.345202864488e-01
5.250000000000e+00 1.354550351396e-01 1.478019967178e-01 1.402327249638e-01 1.361664440923e-01
5.350000000000e+00 1.409191373281e-01 1.552162971841e-01 1.440447827040e-01 1.421633309384e-01
5.450000000000e+00 1.475405265482e-01 1.636619222907e-01 1.506765647643e-01 1.431003140833e-01
5.550000000000e+00 1.517803136871e-01 1.649090081098e-01 1.592079895874e-01 1.465541932655e-01
5.650000000000e+00 1.535712901297e-01 1.655605500651e-01 1.635707517295e-01 1.513095185195e-01
5.750000000000e+00 1.564248580314e-01 1.673872974387e-01 1.697511135332e-01 1.565965856802e-01
5.850000000000e+00 1.586642006695e-01 1.710246078215e-01 1.760136591777e-01 1.577322846513e-01
5.950000000000e+00 1.629763675048e-01 1.725175858296e-01 1.801064920248e-01 1.582959994833e-01
6.050000000000e+00 1.628269542498e-01 1.739701479507e-01 1.826941421853e-01 1.617532541063e-01
6.150000000000e+00 1.607276935315e-01 1.751143588335e-01 1.812290957179e-01 1.630538922660e-01
6.250000000000e+00 1.604485781962e-01 1.717899686188e-01 1.757296699701e-01 1.638052411301e-01
6.350000000000e+00 1.574650669051e-01 1.723038910833e-01 1.731719180088e-01 1.654291283355e-01
6.450000000000e+00 1.572126256414e-01 1.726701758106e-01 1.698973818593e-01 1.652103765165e-01
6.550000000000e+00 1.573563724852e-01 1.732129350848e-01 1.685283259690e-01 1.623045802184e-01
6.650000000000e+00 1.552036518751e-01 1.730534927974e-01 1.681672125752e-01 1.648216561128e-01
6.750000000000e+00 1.533568245131e-01 1.685694564362e-01 1.686779470735e-01 1.665990160340e-01
6.850000000000e+00 1.552623604431e-01 1.629606387747e-01 1.635868810296e-01 1.664365310053e-01
6.950000000000e+00 1.633103960517e-01 1.552439000652e-01 1.543131883173e-01 1.700391669914e-01
7.050000000000e+00 1.589871988245e-01 1.535906609324e-01 1.458828710380e-01 1.651531541405e-01
7.150000000000e+00 1.548108378360e-01 1.509535409046e-01 1.460748569464e-01 1.638325792551e-01
7.250000000000e+00 1.525042822595e-01 1.491689402488e-01 1.463279394576e-01 1.586134059164e-01
7.350000000000e+00 1.505308245292e-01 1.490853455926e-01 1.458482272328e-01 1.529126852646e-01
7.450000000000e+00 1.517590461935e-01 1.477104938875e-01 1.434700399904e-01 1.497969772195e-01
7.550000000000e+00 1.527344108687e-01 1.451110639834e-01 1.444858574553e-01 1.504832003875e-01
7.650000000000e+00 1.511927873408e-01 1.401878774810e-01 1.412367876643e-01 1.495772910170e-01
7.750000000000e+00 1.499675813209e-01 1.352194258366e-01 1.367173553415e-01 1.461317812249e-01
7.850000000000e+00 1.517645761136e-01 1.303971266395e-01 1.342593931668e-01 1.487321593957e-01
7.950000000000e+00 1.462109532590e-01 1.271961830560e-01 1.355583115220e-01 1.438733256531e-01
8.050000000000e+00 1.404348433563e-01 1.220392075389e-01 1.370669839934e-01 1.427130938514e-01
8.150000000000e+00 1.371661597815e-01 1.182351201517e-01 1.320047435495e-01 1.382513459378e-01
8.250000000000e+00 1.315362713788e-01 1.161473910156e-01 1.261793543105e-01 1.343435481301e-01
8.350000000000e+00 1.249812418390e-01 1.148631876313e-01 1.164315403054e-01 1.334535908979e-01
8.450000000000e+00 1.186459863852e-01 1.136495505825e-01 1.081597536948e-01 1.284461127429e-01
8.550000000000e+00 1.119449676954e-01 1.107876175883e-01 1.030704538477e-01 1.231207634381e-01
8.650000000000e+00 1.025302188639e-01 1.079579265251e-01 9.734071120938e-02 1.205784721136e-01
8.750000000000e+00 1.005352216957e-01 1.070826784656e-01 9.525048165432e-02 1.163761243758e-01
8.850000000000e+00 9.679433478040e-02 1.067273420954e-01 8.841412356798e-02 1.140001883243e-01
8.950000000000e+00 9.403707024071e-02 1.076667301437e-01 8.494787833337e-02 1.062477847461e-01
9.050000000000e+00 9.113751743820e-02 1.067448370711e-01 7.575312985648e-02 1.013067401269e-01
9.150000000000e+00 9.281037589554e-02 1.053994019832e-01 7.023688661970e-02 9.804475776939e-02
9.250000000000e+00 9.187050834203e-02 1.019442627712e-01 6.127233992829e-02 9.377883016592e-02
9.350000000000e+00 9.139326208039e-02 1.000832308336e-01 5.870153191831e-02 9.027876086944e-02
9.450000000000e+00 8.805685280967e-02 9.750843663074e-02 5.592770229752e-02 8.472477848724e-02
9.550000000000e+00 8.649397265974e-02 9.133900862941e-02 5.028062930198e-02 8.121378150875e-02
9.650000000000e+00 8.191335316631e-02 8.646655292653e-02 4.596999034803e-02 7.647719752409e-02
9.750000000000e+00 8.012941437045e-02 8.295519648774e-02 4.394161572292e-02 7.374922589845e-02
9.850000000000e+00 7.789900666300e-02 8.135521446929e-02 4.272518216250e-02 6.968748630814e-02
9.950000000000e+00 7.419902521615e-02 8.159011945641e-02 4.135251522778e-02 6.607075989648e-02
1.005000000000e+01 6.964480930870e-02 7.857995476861e-02 3.751515184195e-02 6.132178878714e-02
1.015000000000e+01 6.727474981560e-02 7.529459157227e-02 3.624721748310e-02 5.851354235507e-02
1.025000000000e+01 6.278232805986e-02 7.003368552654e-02 3.323627594274e-02 5.398608764323e-02
1.035000000000e+01 5.829250902659e-02 6.500893376688e-02 3.263973338904e-02 5.257043879704e-02
1.045000000000e+01 5.373977365340e-02 6.037933101478e-02 3.085262436734e-02 4.966577649638e-02
1.055000000000e+01 5.248964345809e-02 5.607670900880e-02 2.925464571939e-02 4.715750173587e-02
1.065000000000e+01 5.207492676083e-02 5.182173313847e-02 2.946030567871e-02 4.466538013705e-02
1.075000000000e+01 4.826344260451e-02 4.671917845550e-02 2.759568951432e-02 4.200899874980e-02
1.085000000000e+01 4.650404604349e-02 4.568095336587e-02 2.555365385967e-02 4.080484409136e-02
1.095000000000e+01 4.500887964434e-02 4.273337427129e-02 2.317361013379e-02 3.838804604480e-02
1.105000000000e+01 4.152727726224e-02 4.121319911573e-02 2.134642929779e-02 3.563911033657e-02
1.115000000000e+01 3.985976736417e-02 3.769921405485e-02 1.773015429558e-02 3.486004980548e-02
1.125000000000e+01 3.735596246879e-02 3.600835548081e-02 1.736604139416e-02 3.304904726426e-02
1.135000000000e+01 3.463719037764e-02 3.347322953513e-02 1.644667035015e-02 3.196270628047e-02
1.145000000000e+01 3.289386736766e-02 3.128332920745e-02 1.544510873536e-02 2.993085214143e-02
1.155000000000e+01 3.212593064294e-02 2.969537619464e-02 1.457861038908e-02 2.759815330070e-02
1.165000000000e+01 3.085110681769e-02 2.776969796030e-02 1.399524636135e-02 2.755574630509e-02
1.175000000000e+01 2.844238814239e-02 2.680896458052e-02 1.399109289430e-02 2.567756173087e-02
1.185000000000e+01 2.772533838362e-02 2.545038170007e-02 1.388753648092e-02 2.421579519824e-02
1.195000000000e+01 2.666453338757e-02 2.424402847094e-02 1.237369931293e-02 2.316244903286e-02
1.205000000000e+01 2.459055463138e-02 2.303269296307e-02 1.218828459195e-02 2.189718643495e-02
1.215000000000e+01 2.278237967617e-02 2.055749056463e-02 1.194948298573e-02 2.168973932412e-02
1.225000000000e+01 2.162288256525e-02 1.826002082322e-02 1.125979527991e-02 1.943241080223e-02
1.235000000000e+01 1.982025108902e-02 1.585294634156e-02 1.048690954174e-02 1.908644919625e-02
1.245000000000e+01 1.995567883403e-02 1.384684366164e-02 9.786293444905e-03 1.769541266209e-02
1.255000000000e+01 1.920455231010e-02 1.218419933474e-02 9.213193517192e-03 1.688821886807e-02
1.265000000000e+01 1.897319187627e-02 1.053496145593e-02 9.251235025673e-03 1.514768376767e-02
1.275000000000e+01 1.765795316581e-02 9.559374500601e-03 8.313745237648e-03 1.502980105974e-02
1.285000000000e+01 1.622217069382e-02 7.756960678293e-03 7.500697027466e-03 1.428147177667e-02
1.295000000000e+01 1.581415246357e-02 6.873674517743e-03 6.648492335083e-03 1.354322329670e-02
1.305000000000e+01 1.499990291728e-02 5.987010902461e-03 6.962041038603e-03 1.252939734388e-02
1.315000000000e+01 1.423392339960e-02 5.466229609718e-03 6.075853742246e-03 1.172395204125e-02
1.325000000000e+01 1.375298566917e-02 4.826942081656e-03 5.443390389648e-03 1.087378380306e-02
1.335000000000e+01 1.303672985676e-02 4.145707929671e-03 5.119971883622e-03 1.071732846537e-02
1.345000000000e+01 1.199011240337e-02 4.207959039074e-03 4.414351455035e-03 1.041274039977e-02
1.355000000000e+01 1.126833102446e-02 3.321074863268e-03 4.283604116344e-03 1.009223720496e-02
1.365000000000e+01 1.082054532586e-02 2.953857881281e-03 3.538081301616e-03 8.707860828769e-03
1.375000000000e+01 9.461384035651e-03 2.906538435009e-03 3.202592396263e-03 8.465890298186e-03
1.385000000000e+01 9.230748198314e-03 2.955614119147e-03 2.783795357854e-03 8.330205337800e-03
1.395000000000e+01 8.947934532973e-03 2.710829475950e-03 2.377124631974e-03 7.036241073221e-03
1.405000000000e+01 8.049463543094e-03 2.454761991866e-03 2.439195503545e-03 6.636585396088e-03
1.415000000000e+01 7.349065050825e-03 2.293825524227e-03 2.140674470590e-03 6.464976208423e-03
1.425000000000e+01 7.201225005991e-03 2.116224877848e-03 1.937025864683e-03 6.183535659958e-03
1.435000000000e+01 6.766130000302e-03 1.912751836309e-03 1.726472909437e-03 5.194395750283e-03
1.445000000000e+01 6.510250621701e-03 1.737963407190e-03 1.678213306519e-03 5.283219057636e-03
1.455000000000e+01 5.838704017638e-03 1.620293776855e-03 1.604690321051e-03 5.321986779536e-03
1.465000000000e+01 5.552327721968e-03 1.736607397712e-03 1.480947524777e-03 4.716588637482e-03
1.475000000000e+01 4.928376016869e-03 1.511948193422e-03 1.482346204712e-03 4.178353606234e-03
1.485000000000e+01 5.102609564940e-03 1.484244270463e-03 1.617694160605e-03 4.490251881633e-03
1.495000000000e+01 4.904055742047e-03 1.287160324120e-03 1.046293864325e-03 4.219682081435e-03
