# Radius(nm)	N-ter_rho(#/nm^3)	NAC_rho(#/nm^3)	C-term_rho(#/nm^3)
5.000000000000e-02 0.000000000000e+00 7.956951459449e-02 3.103211069185e-01
1.500000000000e-01 0.000000000000e+00 7.388597783774e-02 1.557289071349e-01
2.500000000000e-01 0.000000000000e+00 4.522898724318e-02 9.171433524312e-02
3.500000000000e-01 0.000000000000e+00 3.612886068074e-02 5.139760537320e-02
4.500000000000e-01 2.608836544082e-04 4.617640683024e-02 2.934941112092e-02
5.500000000000e-01 6.120731891884e-04 4.774170875669e-02 1.792500054052e-02
6.500000000000e-01 7.518379331763e-04 4.254149638556e-02 1.134022215874e-02
7.500000000000e-01 1.082898719333e-03 4.016141772136e-02 6.968217846145e-03
8.500000000000e-01 1.613391079335e-03 4.356155914205e-02 3.776801844808e-03
9.500000000000e-01 3.259120339479e-03 4.072432352124e-02 4.198686563473e-03
1.050000000000e+00 7.428090637371e-03 4.923213470982e-02 3.870299652481e-03
1.150000000000e+00 1.288745538646e-02 4.369308358085e-02 4.669948841440e-03
1.250000000000e+00 1.263950711576e-02 3.525489367321e-02 4.869179251305e-03
1.350000000000e+00 1.283003873352e-02 2.766749849337e-02 4.858540744892e-03
1.450000000000e+00 1.649396594130e-02 2.698554060732e-02 4.842265230473e-03
1.550000000000e+00 2.124428787717e-02 2.627670100548e-02 5.584212813427e-03
1.650000000000e+00 2.178665901443e-02 2.415329206785e-02 7.275205312372e-03
1.750000000000e+00 2.332538327721e-02 2.500508793785e-02 8.130116888381e-03
1.850000000000e+00 2.354544837903e-02 2.803915027434e-02 1.016506359766e-02
1.950000000000e+00 2.010507542295e-02 3.519608590345e-02 1.129036320144e-02
2.050000000000e+00 1.597700324768e-02 4.257379182942e-02 1.143377957535e-02
2.150000000000e+00 1.480096233985e-02 4.556172205547e-02 1.169734969417e-02
2.250000000000e+00 1.436337123226e-02 4.585592697565e-02 1.356715225805e-02
2.350000000000e+00 1.318155205563e-02 4.704541547871e-02 1.366175431631e-02
2.450000000000e+00 1.426596127849e-02 4.584193689242e-02 1.427037935259e-02
2.550000000000e+00 1.771655414651e-02 4.478079293939e-02 1.612597953391e-02
2.650000000000e+00 1.969411573850e-02 4.148037723331e-02 1.743580678134e-02
2.750000000000e+00 2.051133058013e-02 3.605000484933e-02 1.794785260884e-02
2.850000000000e+00 2.269543274297e-02 3.250040821804e-02 1.898958953145e-02
2.950000000000e+00 2.487956787244e-02 3.140725459252e-02 2.039064045009e-02
3.050000000000e+00 2.691850078112e-02 3.083853240303e-02 2.215744419306e-02
3.150000000000e+00 2.760476811326e-02 2.993545728782e-02 2.349933397094e-02
3.250000000000e+00 3.016560897249e-02 3.047193528301e-02 2.289914714742e-02
3.350000000000e+00 3.139533713655e-02 3.135516244846e-02 2.197082795322e-02
3.450000000000e+00 3.094097674766e-02 3.378863397678e-02 2.162258665990e-02
3.550000000000e+00 2.967284199371e-02 3.563266387500e-02 2.171378607739e-02
3.650000000000e+00 2.854509056218e-02 3.697185451711e-02 2.166512452669e-02
3.750000000000e+00 2.725430328052e-02 3.665591575393e-02 2.209803276851e-02
3.850000000000e+00 2.557246464098e-02 3.391769099737e-02 2.206725485707e-02
3.950000000000e+00 2.596335752865e-02 3.003447454326e-02 2.216251508829e-02
4.050000000000e+00 2.504151742582e-02 2.563008282539e-02 2.154084684877e-02
4.150000000000e+00 2.423582389565e-02 2.334726941682e-02 2.201520767646e-02
4.250000000000e+00 2.400153691754e-02 2.180489558458e-02 2.138348110425e-02
4.350000000000e+00 2.297382268308e-02 2.164929932053e-02 2.138159142397e-02
4.450000000000e+00 2.216990700358e-02 2.163015756103e-02 2.185114678689e-02
4.550000000000e+00 2.144315786963e-02 2.148543437875e-02 2.232840234853e-02
4.650000000000e+00 2.016039065631e-02 2.156975357090e-02 2.190461525556e-02
4.750000000000e+00 1.950152529358e-02 2.216403010310e-02 2.223691102946e-02
4.850000000000e+00 1.940585115043e-02 2.268469695517e-02 2.163835276439e-02
4.950000000000e+00 2.044171246248e-02 2.155553412644e-02 2.121023858630e-02
5.050000000000e+00 2.080808845911e-02 2.034633359726e-02 2.070616959321e-02
5.150000000000e+00 2.116587087982e-02 2.002287785253e-02 1.974287956063e-02
5.250000000000e+00 2.169421582456e-02 1.993327481950e-02 1.923274746886e-02
5.350000000000e+00 2.186933869739e-02 1.972141585087e-02 1.933686538439e-02
5.450000000000e+00 2.232518240255e-02 1.987764520691e-02 1.875522482934e-02
5.550000000000e+00 2.126273772748e-02 2.025014440248e-02 1.851857537478e-02
5.650000000000e+00 2.071947953386e-02 2.007142459615e-02 1.844796389324e-02
5.750000000000e+00 1.973715432083e-02 2.011017402328e-02 1.843519523032e-02
5.850000000000e+00 1.859308682805e-02 2.013921696944e-02 1.793820965038e-02
5.950000000000e+00 1.763624840475e-02 1.991447921053e-02 1.740775106974e-02
6.050000000000e+00 1.695589328395e-02 1.953188476363e-02 1.720515940744e-02
6.150000000000e+00 1.650644931735e-02 1.875461943976e-02 1.678694465389e-02
6.250000000000e+00 1.533948693334e-02 1.760999172730e-02 1.632943788717e-02
6.350000000000e+00 1.509827757297e-02 1.681437961130e-02 1.597507481984e-02
6.450000000000e+00 1.408739334985e-02 1.598721831172e-02 1.546827283556e-02
6.550000000000e+00 1.361107919219e-02 1.537544400186e-02 1.474239930491e-02
6.650000000000e+00 1.326598397012e-02 1.488472309645e-02 1.452666927710e-02
6.750000000000e+00 1.271691869070e-02 1.449295636008e-02 1.425545279760e-02
6.850000000000e+00 1.279940391048e-02 1.364614066449e-02 1.383210621327e-02
6.950000000000e+00 1.303663940033e-02 1.250456528784e-02 1.372740228323e-02
7.050000000000e+00 1.308886764116e-02 1.148424333437e-02 1.295652749215e-02
7.150000000000e+00 1.289081130031e-02 1.118030279397e-02 1.249755517420e-02
7.250000000000e+00 1.214660000836e-02 1.089520552428e-02 1.176462193399e-02
7.350000000000e+00 1.175990981108e-02 1.056590068235e-02 1.103476528676e-02
7.450000000000e+00 1.135935938638e-02 1.011929638492e-02 1.051974832913e-02
7.550000000000e+00 1.124516711724e-02 9.925600171508e-03 1.028992348551e-02
7.650000000000e+00 1.060866433689e-02 9.453440251332e-03 9.960125432836e-03
7.750000000000e+00 1.010924522788e-02 8.917402617909e-03 9.478217777102e-03
7.850000000000e+00 9.429807406559e-03 8.534989313619e-03 9.400539667108e-03
7.950000000000e+00 8.704345085802e-03 8.403876901372e-03 8.865070385573e-03
8.050000000000e+00 8.167325053922e-03 8.288474049961e-03 8.575793628405e-03
8.150000000000e+00 7.872698096778e-03 7.788844039143e-03 8.105093627937e-03
8.250000000000e+00 7.412563331291e-03 7.264483525493e-03 7.686510972018e-03
8.350000000000e+00 6.837416719995e-03 6.542221695253e-03 7.453674374740e-03
8.450000000000e+00 6.373064571671e-03 5.934003994430e-03 7.004910630796e-03
8.550000000000e+00 6.069574618810e-03 5.522445769198e-03 6.558652662097e-03
8.650000000000e+00 5.738632653674e-03 5.094547439533e-03 6.274956775300e-03
8.750000000000e+00 5.289507241688e-03 4.871376700020e-03 5.917569107506e-03
8.850000000000e+00 4.850296452895e-03 4.419550304178e-03 5.665395493747e-03
8.950000000000e+00 4.379617866678e-03 4.151150615751e-03 5.161373199196e-03
9.050000000000e+00 4.003572947506e-03 3.619504556683e-03 4.814132123079e-03
9.150000000000e+00 3.746739853920e-03 3.281050534121e-03 4.556152243094e-03
9.250000000000e+00 3.489167697517e-03 2.800695642063e-03 4.262885054749e-03
9.350000000000e+00 3.298432007745e-03 2.626124674305e-03 4.017157672420e-03
9.450000000000e+00 3.083760479394e-03 2.450554532937e-03 3.690830345510e-03
9.550000000000e+00 2.951176616735e-03 2.157546247493e-03 3.463881028964e-03
9.650000000000e+00 2.711464290867e-03 1.931348671888e-03 3.194799889775e-03
9.750000000000e+00 2.634088808467e-03 1.808512197488e-03 3.017721062639e-03
9.850000000000e+00 2.555726773435e-03 1.723318170899e-03 2.794104540730e-03
9.950000000000e+00 2.419421185491e-03 1.635272607268e-03 2.595968473858e-03
1.005000000000e+01 2.346829318936e-03 1.454787336568e-03 2.361272153505e-03
1.015000000000e+01 2.247007873235e-03 1.378377652761e-03 2.208905539912e-03
1.025000000000e+01 2.233671960189e-03 1.239021471588e-03 1.997631806168e-03
1.035000000000e+01 2.110744972829e-03 1.193406541822e-03 1.908212493325e-03
1.045000000000e+01 1.961003207582e-03 1.106312807844e-03 1.768400341145e-03
1.055000000000e+01 1.854183441825e-03 1.029439977983e-03 1.647580557355e-03
1.065000000000e+01 1.834258889938e-03 1.017447785584e-03 1.530731602949e-03
1.075000000000e+01 1.695175617396e-03 9.348023679464e-04 1.412875859828e-03
1.085000000000e+01 1.523259303376e-03 8.493843475415e-04 1.347299309893e-03
1.095000000000e+01 1.316388705768e-03 7.560773981373e-04 1.244275998983e-03
1.105000000000e+01 1.174069030011e-03 6.835883880562e-04 1.134752379792e-03
1.115000000000e+01 1.035980274207e-03 5.576714243773e-04 1.089742018255e-03
1.125000000000e+01 9.558233191958e-04 5.362753505420e-04 1.014920485610e-03
1.135000000000e+01 8.453759073795e-04 4.986606058629e-04 9.645850282691e-04
1.145000000000e+01 7.618895831859e-04 4.602492835231e-04 8.877247719118e-04
1.155000000000e+01 6.968620190742e-04 4.266664459153e-04 8.046221372877e-04
1.165000000000e+01 6.577866397943e-04 4.025669869211e-04 7.898911461820e-04
1.175000000000e+01 5.870842767830e-04 3.957439823865e-04 7.236735833251e-04
1.185000000000e+01 5.719289059086e-04 3.862597795849e-04 6.709020719245e-04
1.195000000000e+01 4.921902235601e-04 3.384039952176e-04 6.311178791160e-04
1.205000000000e+01 4.511758248167e-04 3.278787876704e-04 5.868938968162e-04
1.215000000000e+01 3.864656126916e-04 3.162154711005e-04 5.718828662006e-04
1.225000000000e+01 3.504883436790e-04 2.932224720946e-04 5.040810671572e-04
1.235000000000e+01 3.232723465943e-04 2.686690562067e-04 4.870822177572e-04
1.245000000000e+01 2.955131109109e-04 2.467457475006e-04 4.443819044792e-04
1.255000000000e+01 2.672468723656e-04 2.286838391131e-04 4.171206697224e-04
1.265000000000e+01 2.396682111018e-04 2.260770677336e-04 3.681210904959e-04
1.275000000000e+01 2.143868895757e-04 2.000291678994e-04 3.594325096919e-04
1.285000000000e+01 1.917879573366e-04 1.776528315027e-04 3.361911178438e-04
1.295000000000e+01 1.746034547362e-04 1.549921971390e-04 3.137801215549e-04
1.305000000000e+01 1.652409523884e-04 1.599457663552e-04 2.860957865575e-04
1.315000000000e+01 1.375828490299e-04 1.374294679273e-04 2.635087342624e-04
1.325000000000e+01 1.306795840518e-04 1.213129549059e-04 2.408130138480e-04
1.335000000000e+01 1.212881859736e-04 1.123589943682e-04 2.337960002019e-04
1.345000000000e+01 1.082019895906e-04 9.544647049255e-05 2.237347372836e-04
1.355000000000e+01 1.073331082292e-04 9.129814858793e-05 2.136550027873e-04
1.365000000000e+01 9.480526096200e-05 7.416447591772e-05 1.816389083897e-04
1.375000000000e+01 8.501406203258e-05 6.621557306828e-05 1.739561665353e-04
1.385000000000e+01 8.296124690547e-05 5.669018538541e-05 1.685495999630e-04
1.395000000000e+01 6.991857108815e-05 4.770272881258e-05 1.403823162199e-04
1.405000000000e+01 6.637398931068e-05 4.823534850715e-05 1.304638534831e-04
1.415000000000e+01 6.080278222463e-05 4.172739956592e-05 1.253146666329e-04
1.425000000000e+01 5.629518014121e-05 3.722535113746e-05 1.182068167698e-04
1.435000000000e+01 4.958846029894e-05 3.271550367774e-05 9.788890864207e-05
1.445000000000e+01 5.246118281561e-05 3.137508996478e-05 9.806303422191e-05
1.455000000000e+01 4.597945530094e-05 2.956717016627e-05 9.747143385321e-05
1.465000000000e+01 4.510673400995e-05 2.694046031279e-05 8.514668419961e-05
1.475000000000e+01 4.071797924675e-05 2.657640561614e-05 7.436517167819e-05
1.485000000000e+01 3.716459333056e-05 2.862515602807e-05 7.889958972442e-05
1.495000000000e+01 3.583838184000e-05 1.827520133563e-05 7.310080534251e-05
