# Frame	LargestClusterSize
10000 47
10001 47
10002 47
10003 47
10004 47
10005 47
10006 47
10007 47
10008 47
10009 47
10010 47
10011 47
10012 47
10013 47
10014 47
10015 47
10016 47
10017 47
10018 47
10019 47
10020 47
10021 47
10022 47
10023 47
10024 47
10025 47
10026 47
10027 47
10028 47
10029 47
10030 47
10031 47
10032 47
10033 47
10034 47
10035 47
10036 47
10037 47
10038 47
10039 47
10040 47
10041 47
10042 47
10043 47
10044 47
10045 47
10046 47
10047 47
10048 47
10049 47
10050 47
10051 47
10052 47
10053 47
10054 47
10055 47
10056 47
10057 47
10058 47
10059 47
10060 47
10061 47
10062 47
10063 48
10064 48
10065 47
10066 47
10067 48
10068 48
10069 48
10070 48
10071 48
10072 48
10073 47
10074 47
10075 47
10076 47
10077 48
10078 47
10079 47
10080 48
10081 48
10082 48
10083 47
10084 47
10085 47
10086 47
10087 47
10088 47
10089 47
10090 48
10091 48
10092 48
10093 48
10094 48
10095 48
10096 48
10097 48
10098 48
10099 48
10100 48
10101 47
10102 47
10103 47
10104 47
10105 47
10106 47
10107 47
10108 47
10109 47
10110 47
10111 47
10112 47
10113 47
10114 47
10115 47
10116 47
10117 47
10118 47
10119 47
10120 47
10121 48
10122 47
10123 48
10124 47
10125 47
10126 47
10127 48
10128 48
10129 47
10130 48
10131 48
10132 47
10133 47
10134 47
10135 47
10136 47
10137 47
10138 47
10139 47
10140 47
10141 47
10142 47
10143 47
10144 47
10145 47
10146 47
10147 47
10148 47
10149 47
10150 47
10151 47
10152 47
10153 47
10154 47
10155 47
10156 47
10157 47
10158 47
10159 47
10160 47
10161 47
10162 47
10163 47
10164 47
10165 47
10166 47
10167 47
10168 47
10169 47
10170 47
10171 47
10172 48
10173 48
10174 48
10175 48
10176 48
10177 48
10178 48
10179 48
10180 48
10181 48
10182 48
10183 48
10184 48
10185 48
10186 48
10187 48
10188 48
10189 48
10190 48
10191 48
10192 48
10193 48
10194 48
10195 48
10196 48
10197 48
10198 48
10199 48
10200 48
10201 48
10202 48
10203 48
10204 48
10205 48
10206 48
10207 48
10208 48
10209 48
10210 48
10211 48
10212 48
10213 48
10214 48
10215 48
10216 48
10217 48
10218 48
10219 48
10220 48
10221 48
10222 48
10223 48
10224 48
10225 48
10226 48
10227 48
10228 48
10229 48
10230 48
10231 48
10232 48
10233 48
10234 48
10235 48
10236 48
10237 48
10238 48
10239 48
10240 48
10241 48
10242 48
10243 48
10244 48
10245 48
10246 48
10247 48
10248 48
10249 48
10250 48
10251 48
10252 48
10253 48
10254 48
10255 48
10256 48
10257 48
10258 48
10259 48
10260 48
10261 48
10262 48
10263 48
10264 48
10265 48
10266 48
10267 48
10268 48
10269 48
10270 48
10271 48
10272 48
10273 48
10274 48
10275 48
10276 48
10277 48
10278 48
10279 48
10280 48
10281 48
10282 48
10283 48
10284 48
10285 48
10286 48
10287 48
10288 48
10289 48
10290 48
10291 48
10292 48
10293 48
10294 48
10295 48
10296 48
10297 48
10298 48
10299 48
10300 48
10301 48
10302 48
10303 48
10304 48
10305 48
10306 48
10307 48
10308 48
10309 48
10310 48
10311 48
10312 48
10313 48
10314 48
10315 48
10316 48
10317 48
10318 48
10319 48
10320 48
10321 48
10322 48
10323 48
10324 48
10325 48
10326 48
10327 48
10328 48
10329 48
10330 48
10331 48
10332 48
10333 48
10334 48
10335 48
10336 48
10337 48
10338 48
10339 48
10340 48
10341 48
10342 48
10343 48
10344 48
10345 48
10346 48
10347 48
10348 48
10349 48
10350 48
10351 48
10352 48
10353 48
10354 48
10355 48
10356 48
10357 48
10358 48
10359 48
10360 48
10361 48
10362 48
10363 48
10364 48
10365 48
10366 48
10367 48
10368 48
10369 48
10370 48
10371 48
10372 48
10373 48
10374 48
10375 48
10376 48
10377 48
10378 48
10379 48
10380 48
10381 48
10382 48
10383 48
10384 48
10385 48
10386 48
10387 48
10388 48
10389 48
10390 48
10391 48
10392 48
10393 48
10394 48
10395 48
10396 48
10397 48
10398 48
10399 48
10400 48
10401 48
10402 48
10403 48
10404 48
10405 48
10406 48
10407 48
10408 48
10409 48
10410 48
10411 48
10412 48
10413 48
10414 48
10415 48
10416 48
10417 48
10418 48
10419 48
10420 48
10421 48
10422 48
10423 48
10424 48
10425 48
10426 48
10427 48
10428 48
10429 48
10430 48
10431 48
10432 48
10433 48
10434 48
10435 48
10436 48
10437 48
10438 48
10439 48
10440 48
10441 48
10442 48
10443 48
10444 48
10445 48
10446 48
10447 48
10448 48
10449 48
10450 48
10451 48
10452 48
10453 48
10454 48
10455 48
10456 48
10457 48
10458 48
10459 48
10460 48
10461 48
10462 48
10463 48
10464 48
10465 48
10466 48
10467 48
10468 48
10469 48
10470 48
10471 48
10472 48
10473 48
10474 48
10475 48
10476 48
10477 48
10478 48
10479 48
10480 48
10481 48
10482 48
10483 48
10484 48
10485 48
10486 48
10487 48
10488 48
10489 48
10490 48
10491 48
10492 48
10493 48
10494 48
10495 48
10496 48
10497 48
10498 48
10499 48
10500 48
10501 48
10502 48
10503 48
10504 48
10505 48
10506 48
10507 48
10508 48
10509 48
10510 48
10511 48
10512 48
10513 48
10514 48
10515 48
10516 48
10517 48
10518 48
10519 48
10520 48
10521 48
10522 48
10523 48
10524 48
10525 48
10526 48
10527 48
10528 48
10529 48
10530 48
10531 48
10532 48
10533 48
10534 48
10535 48
10536 48
10537 48
10538 48
10539 48
10540 48
10541 48
10542 48
10543 48
10544 48
10545 48
10546 48
10547 48
10548 48
10549 48
10550 48
10551 48
10552 48
10553 48
10554 48
10555 48
10556 48
10557 48
10558 48
10559 48
10560 48
10561 48
10562 48
10563 48
10564 48
10565 48
10566 48
10567 48
10568 48
10569 48
10570 48
10571 48
10572 48
10573 48
10574 48
10575 48
10576 48
10577 48
10578 48
10579 48
10580 48
10581 48
10582 48
10583 48
10584 48
10585 48
10586 48
10587 48
10588 48
10589 48
10590 48
10591 48
10592 48
10593 48
10594 48
10595 48
10596 48
10597 48
10598 48
10599 48
10600 48
10601 48
10602 48
10603 48
10604 48
10605 48
10606 48
10607 48
10608 48
10609 48
10610 48
10611 48
10612 48
10613 48
10614 48
10615 48
10616 48
10617 48
10618 48
10619 48
10620 48
10621 48
10622 48
10623 48
10624 48
10625 48
10626 48
10627 48
10628 48
10629 48
10630 48
10631 48
10632 48
10633 48
10634 48
10635 48
10636 48
10637 48
10638 48
10639 48
10640 48
10641 48
10642 48
10643 48
10644 48
10645 48
10646 48
10647 48
10648 48
10649 48
10650 48
10651 48
10652 48
10653 48
10654 48
10655 48
10656 48
10657 48
10658 48
10659 48
10660 48
10661 48
10662 48
10663 48
10664 48
10665 48
10666 48
10667 48
10668 48
10669 48
10670 48
10671 48
10672 48
10673 48
10674 48
10675 48
10676 48
10677 48
10678 48
10679 48
10680 48
10681 48
10682 48
10683 48
10684 48
10685 48
10686 48
10687 48
10688 48
10689 48
10690 48
10691 48
10692 48
10693 48
10694 48
10695 48
10696 48
10697 48
10698 48
10699 48
10700 48
10701 48
10702 48
10703 48
10704 48
10705 48
10706 48
10707 48
10708 48
10709 48
10710 48
10711 48
10712 48
10713 48
10714 48
10715 48
10716 48
10717 48
10718 48
10719 48
10720 48
10721 48
10722 48
10723 48
10724 48
10725 48
10726 48
10727 48
10728 48
10729 48
10730 48
10731 48
10732 48
10733 48
10734 48
10735 48
10736 48
10737 48
10738 48
10739 48
10740 48
10741 48
10742 48
10743 48
10744 48
10745 48
10746 48
10747 48
10748 48
10749 48
10750 48
10751 48
10752 48
10753 48
10754 48
10755 48
10756 48
10757 48
10758 48
10759 48
10760 48
10761 48
10762 48
10763 48
10764 48
10765 48
10766 48
10767 48
10768 48
10769 48
10770 48
10771 48
10772 48
10773 48
10774 48
10775 48
10776 48
10777 48
10778 48
10779 48
10780 48
10781 48
10782 48
10783 48
10784 48
10785 48
10786 48
10787 48
10788 48
10789 48
10790 48
10791 48
10792 48
10793 48
10794 48
10795 48
10796 48
10797 48
10798 48
10799 48
10800 48
10801 48
10802 48
10803 48
10804 48
10805 48
10806 48
10807 48
10808 48
10809 48
10810 48
10811 48
10812 48
10813 48
10814 48
10815 48
10816 48
10817 48
10818 48
10819 48
10820 48
10821 48
10822 48
10823 48
10824 48
10825 48
10826 48
10827 48
10828 48
10829 48
10830 48
10831 48
10832 48
10833 48
10834 48
10835 48
10836 48
10837 48
10838 48
10839 48
10840 48
10841 48
10842 48
10843 48
10844 48
10845 48
10846 48
10847 48
10848 48
10849 48
10850 48
10851 48
10852 48
10853 48
10854 48
10855 48
10856 48
10857 48
10858 48
10859 48
10860 48
10861 48
10862 48
10863 48
10864 48
10865 48
10866 48
10867 48
10868 48
10869 48
10870 48
10871 48
10872 48
10873 48
10874 48
10875 48
10876 48
10877 48
10878 48
10879 48
10880 48
10881 48
10882 48
10883 48
10884 48
10885 48
10886 48
10887 48
10888 48
10889 48
10890 48
10891 48
10892 48
10893 48
10894 48
10895 48
10896 48
10897 48
10898 48
10899 48
10900 48
10901 48
10902 48
10903 48
10904 48
10905 48
10906 48
10907 48
10908 48
10909 48
10910 48
10911 48
10912 48
10913 48
10914 48
10915 48
10916 48
10917 48
10918 48
10919 48
10920 48
10921 48
10922 48
10923 48
10924 48
10925 48
10926 48
10927 48
10928 48
10929 48
10930 48
10931 48
10932 48
10933 48
10934 48
10935 48
10936 48
10937 48
10938 48
10939 48
10940 48
10941 48
10942 48
10943 48
10944 48
10945 48
10946 48
10947 48
10948 48
10949 48
10950 48
10951 48
10952 48
10953 48
10954 48
10955 48
10956 48
10957 48
10958 48
10959 48
10960 48
10961 48
10962 48
10963 48
10964 48
10965 48
10966 48
10967 48
10968 48
10969 48
10970 48
10971 48
10972 48
10973 48
10974 48
10975 48
10976 48
10977 48
10978 48
10979 48
10980 48
10981 48
10982 48
10983 48
10984 48
10985 48
10986 48
10987 48
10988 48
10989 48
10990 48
10991 48
10992 48
10993 48
10994 48
10995 48
10996 48
10997 48
10998 48
10999 48
11000 48
11001 48
11002 48
11003 48
11004 48
11005 48
11006 48
11007 48
11008 48
11009 48
11010 48
11011 48
11012 48
11013 48
11014 48
11015 48
11016 48
11017 48
11018 48
11019 48
11020 48
11021 48
11022 48
11023 48
11024 48
11025 48
11026 48
11027 48
11028 48
11029 48
11030 48
11031 48
11032 48
11033 48
11034 48
11035 48
11036 48
11037 48
11038 48
11039 48
11040 48
11041 48
11042 48
11043 48
11044 48
11045 48
11046 48
11047 48
11048 48
11049 48
11050 48
11051 48
11052 48
11053 48
11054 48
11055 48
11056 48
11057 48
11058 48
11059 48
11060 48
11061 48
11062 48
11063 48
11064 48
11065 48
11066 48
11067 48
11068 48
11069 48
11070 48
11071 48
11072 48
11073 48
11074 48
11075 48
11076 48
11077 48
11078 48
11079 48
11080 48
11081 48
11082 48
11083 48
11084 48
11085 48
11086 48
11087 48
11088 48
11089 48
11090 48
11091 48
11092 48
11093 48
11094 48
11095 48
11096 48
11097 48
11098 48
11099 48
11100 48
11101 48
11102 48
11103 48
11104 48
11105 48
11106 48
11107 48
11108 48
11109 48
11110 48
11111 48
11112 48
11113 48
11114 48
11115 48
11116 48
11117 48
11118 48
11119 48
11120 48
11121 48
11122 48
11123 48
11124 48
11125 48
11126 48
11127 48
11128 48
11129 48
11130 48
11131 48
11132 48
11133 48
11134 48
11135 48
11136 48
11137 48
11138 48
11139 48
11140 48
11141 48
11142 48
11143 48
11144 48
11145 48
11146 48
11147 48
11148 48
11149 48
11150 48
11151 48
11152 48
11153 48
11154 48
11155 48
11156 48
11157 48
11158 48
11159 48
11160 48
11161 48
11162 48
11163 48
11164 48
11165 48
11166 48
11167 48
11168 48
11169 48
11170 48
11171 48
11172 48
11173 48
11174 48
11175 48
11176 48
11177 48
11178 48
11179 48
11180 48
11181 48
11182 48
11183 48
11184 48
11185 48
11186 48
11187 48
11188 48
11189 48
11190 48
11191 48
11192 48
11193 48
11194 48
11195 48
11196 48
11197 48
11198 48
11199 48
11200 48
11201 48
11202 48
11203 48
11204 48
11205 48
11206 48
11207 48
11208 48
11209 48
11210 48
11211 48
11212 48
11213 48
11214 48
11215 48
11216 48
11217 48
11218 48
11219 48
11220 48
11221 48
11222 48
11223 48
11224 48
11225 48
11226 48
11227 48
11228 48
11229 48
11230 48
11231 48
11232 48
11233 48
11234 48
11235 48
11236 48
11237 48
11238 48
11239 48
11240 48
11241 48
11242 48
11243 48
11244 48
11245 48
11246 48
11247 48
11248 48
11249 48
11250 48
11251 48
11252 48
11253 48
11254 48
11255 48
11256 48
11257 48
11258 48
11259 48
11260 48
11261 48
11262 48
11263 48
11264 48
11265 48
11266 48
11267 48
11268 48
11269 48
11270 48
11271 48
11272 48
11273 48
11274 48
11275 48
11276 48
11277 48
11278 48
11279 48
11280 48
11281 48
11282 48
11283 48
11284 48
11285 48
11286 48
11287 48
11288 48
11289 48
11290 48
11291 48
11292 48
11293 48
11294 48
11295 48
11296 48
11297 48
11298 48
11299 48
11300 48
11301 48
11302 48
11303 48
11304 48
11305 48
11306 48
11307 48
11308 48
11309 48
11310 48
11311 48
11312 48
11313 48
11314 48
11315 48
11316 48
11317 48
11318 48
11319 48
11320 48
11321 48
11322 48
11323 48
11324 48
11325 48
11326 48
11327 48
11328 48
11329 48
11330 48
11331 48
11332 48
11333 48
11334 48
11335 48
11336 48
11337 48
11338 48
11339 48
11340 48
11341 48
11342 48
11343 48
11344 48
11345 48
11346 48
11347 48
11348 48
11349 48
11350 48
11351 48
11352 48
11353 48
11354 48
11355 47
11356 47
11357 47
11358 47
11359 47
11360 47
11361 47
11362 47
11363 47
11364 47
11365 47
11366 47
11367 47
11368 47
11369 47
11370 47
11371 47
11372 47
11373 47
11374 47
11375 47
11376 47
11377 47
11378 47
11379 48
11380 48
11381 48
11382 48
11383 48
11384 48
11385 48
11386 48
11387 48
11388 48
11389 48
11390 48
11391 48
11392 48
11393 48
11394 48
11395 48
11396 48
11397 47
11398 48
11399 48
11400 48
11401 48
11402 48
11403 48
11404 48
11405 48
11406 48
11407 48
11408 48
11409 48
11410 48
11411 48
11412 48
11413 48
11414 48
11415 48
11416 48
11417 48
11418 48
11419 48
11420 48
11421 48
11422 48
11423 48
11424 48
11425 48
11426 48
11427 48
11428 48
11429 48
11430 48
11431 48
11432 48
11433 48
11434 48
11435 48
11436 48
11437 48
11438 48
11439 48
11440 47
11441 47
11442 47
11443 47
11444 48
11445 47
11446 48
11447 48
11448 47
11449 47
11450 47
11451 47
11452 48
11453 48
11454 47
11455 47
11456 48
11457 47
11458 47
11459 47
11460 47
11461 47
11462 47
11463 47
11464 47
11465 47
11466 47
11467 47
11468 47
11469 47
11470 47
11471 48
11472 48
11473 48
11474 48
11475 48
11476 48
11477 47
11478 48
11479 47
11480 48
11481 47
11482 48
11483 48
11484 48
11485 47
11486 47
11487 47
11488 48
11489 47
11490 47
11491 47
11492 48
11493 48
11494 48
11495 48
11496 48
11497 48
11498 48
11499 48
11500 48
11501 48
11502 48
11503 48
11504 48
11505 48
11506 48
11507 48
11508 48
11509 48
11510 48
11511 48
11512 48
11513 48
11514 48
11515 48
11516 48
11517 48
11518 48
11519 48
11520 48
11521 48
11522 48
11523 48
11524 48
11525 48
11526 48
11527 48
11528 48
11529 48
11530 48
11531 48
11532 48
11533 48
11534 48
11535 48
11536 48
11537 48
11538 48
11539 48
11540 48
11541 48
11542 48
11543 48
11544 48
11545 48
11546 48
11547 48
11548 48
11549 48
11550 48
11551 48
11552 48
11553 48
11554 48
11555 48
11556 48
11557 48
11558 48
11559 47
11560 47
11561 47
11562 48
11563 48
11564 47
11565 47
11566 47
11567 47
11568 47
11569 47
11570 47
11571 47
11572 47
11573 47
11574 47
11575 47
11576 47
11577 47
11578 47
11579 47
11580 47
11581 47
11582 47
11583 47
11584 47
11585 47
11586 47
11587 48
11588 48
11589 48
11590 48
11591 47
11592 47
11593 47
11594 47
11595 47
11596 47
11597 47
11598 47
11599 48
11600 47
11601 47
11602 48
11603 47
11604 47
11605 47
11606 47
11607 47
11608 47
11609 47
11610 47
11611 47
11612 48
11613 48
11614 48
11615 48
11616 48
11617 47
11618 48
11619 47
11620 48
11621 48
11622 48
11623 48
11624 48
11625 48
11626 48
11627 48
11628 48
11629 48
11630 48
11631 48
11632 48
11633 48
11634 48
11635 48
11636 48
11637 48
11638 48
11639 47
11640 48
11641 48
11642 48
11643 48
11644 48
11645 48
11646 48
11647 48
11648 48
11649 48
11650 48
11651 48
11652 48
11653 48
11654 48
11655 48
11656 48
11657 48
11658 48
11659 48
11660 48
11661 48
11662 48
11663 48
11664 48
11665 48
11666 48
11667 48
11668 48
11669 48
11670 48
11671 48
11672 48
11673 48
11674 48
11675 48
11676 48
11677 48
11678 48
11679 48
11680 48
11681 48
11682 48
11683 48
11684 48
11685 48
11686 48
11687 48
11688 48
11689 48
11690 48
11691 48
11692 48
11693 48
11694 48
11695 48
11696 48
11697 48
11698 48
11699 48
11700 48
11701 48
11702 48
11703 48
11704 48
11705 48
11706 48
11707 48
11708 48
11709 48
11710 48
11711 48
11712 48
11713 48
11714 48
11715 48
11716 48
11717 48
11718 48
11719 48
11720 48
11721 48
11722 48
11723 48
11724 48
11725 48
11726 48
11727 48
11728 48
11729 48
11730 48
11731 48
11732 48
11733 48
11734 48
11735 48
11736 48
11737 48
11738 48
11739 48
11740 48
11741 48
11742 48
11743 48
11744 48
11745 48
11746 48
11747 48
11748 48
11749 48
11750 48
11751 48
11752 48
11753 48
11754 48
11755 48
11756 48
11757 48
11758 48
11759 48
11760 48
11761 48
11762 48
11763 48
11764 48
11765 48
11766 48
11767 48
11768 48
11769 48
11770 48
11771 48
11772 48
11773 48
11774 48
11775 48
11776 48
11777 48
11778 48
11779 48
11780 48
11781 48
11782 48
11783 48
11784 48
11785 48
11786 48
11787 48
11788 48
11789 48
11790 48
11791 48
11792 48
11793 48
11794 48
11795 48
11796 48
11797 48
11798 48
11799 48
11800 48
11801 48
11802 48
11803 48
11804 48
11805 48
11806 48
11807 48
11808 48
11809 48
11810 48
11811 48
11812 48
11813 48
11814 48
11815 48
11816 48
11817 48
11818 48
11819 48
11820 48
11821 48
11822 48
11823 48
11824 48
11825 48
11826 48
11827 48
11828 48
11829 48
11830 48
11831 48
11832 48
11833 48
11834 48
11835 48
11836 48
11837 48
11838 48
11839 48
11840 48
11841 48
11842 48
11843 48
11844 48
11845 48
11846 48
11847 48
11848 48
11849 48
11850 48
11851 48
11852 48
11853 48
11854 48
11855 48
11856 48
11857 48
11858 48
11859 48
11860 48
11861 48
11862 48
11863 48
11864 48
11865 48
11866 48
11867 48
11868 48
11869 48
11870 48
11871 48
11872 48
11873 48
11874 48
11875 48
11876 48
11877 48
11878 48
11879 48
11880 48
11881 48
11882 48
11883 48
11884 48
11885 48
11886 48
11887 48
11888 48
11889 48
11890 48
11891 48
11892 48
11893 48
11894 48
11895 48
11896 48
11897 48
11898 48
11899 48
11900 48
11901 48
11902 48
11903 48
11904 48
11905 48
11906 48
11907 48
11908 48
11909 48
11910 48
11911 48
11912 48
11913 48
11914 48
11915 48
11916 48
11917 48
11918 48
11919 48
11920 48
11921 48
11922 48
11923 48
11924 48
11925 48
11926 48
11927 48
11928 48
11929 48
11930 48
11931 48
11932 48
11933 48
11934 48
11935 48
11936 48
11937 48
11938 48
11939 48
11940 48
11941 48
11942 48
11943 48
11944 48
11945 48
11946 48
11947 48
11948 48
11949 48
11950 48
11951 48
11952 48
11953 48
11954 48
11955 48
11956 48
11957 48
11958 48
11959 48
11960 48
11961 48
11962 48
11963 48
11964 48
11965 48
11966 48
11967 48
11968 48
11969 48
11970 48
11971 48
11972 48
11973 48
11974 48
11975 48
11976 48
11977 48
11978 48
11979 48
11980 48
11981 48
11982 48
11983 48
11984 48
11985 48
11986 48
11987 48
11988 48
11989 48
11990 48
11991 48
11992 48
11993 48
11994 48
11995 48
11996 48
11997 48
11998 48
11999 48
12000 48
12001 48
12002 48
12003 48
12004 48
12005 48
12006 48
12007 48
12008 48
12009 48
12010 48
12011 48
12012 48
12013 48
12014 48
12015 48
12016 48
12017 48
12018 48
12019 48
12020 48
12021 48
12022 48
12023 48
12024 48
12025 48
12026 48
12027 48
12028 48
12029 48
12030 48
12031 48
12032 48
12033 48
12034 48
12035 48
12036 48
12037 48
12038 48
12039 48
12040 48
12041 48
12042 48
12043 48
12044 48
12045 48
12046 48
12047 48
12048 48
12049 48
12050 48
12051 48
12052 48
12053 48
12054 48
12055 48
12056 48
12057 48
12058 48
12059 48
12060 48
12061 48
12062 48
12063 48
12064 48
12065 48
12066 48
12067 48
12068 48
12069 48
12070 48
12071 48
12072 48
12073 48
12074 48
12075 48
12076 48
12077 48
12078 48
12079 48
12080 48
12081 48
12082 48
12083 48
12084 48
12085 48
12086 48
12087 48
12088 48
12089 48
12090 48
12091 48
12092 48
12093 48
12094 48
12095 48
12096 48
12097 48
12098 48
12099 48
12100 48
12101 48
12102 48
12103 48
12104 48
12105 48
12106 48
12107 48
12108 48
12109 48
12110 48
12111 48
12112 48
12113 48
12114 48
12115 48
12116 48
12117 48
12118 48
12119 48
12120 48
12121 48
12122 48
12123 48
12124 48
12125 48
12126 48
12127 48
12128 48
12129 48
12130 48
12131 48
12132 48
12133 48
12134 48
12135 48
12136 48
12137 48
12138 48
12139 48
12140 48
12141 48
12142 48
12143 48
12144 48
12145 48
12146 48
12147 48
12148 48
12149 48
12150 48
12151 48
12152 48
12153 48
12154 48
12155 48
12156 48
12157 48
12158 48
12159 48
12160 48
12161 48
12162 48
12163 48
12164 48
12165 48
12166 48
12167 48
12168 49
12169 49
12170 49
12171 49
12172 49
12173 49
12174 49
12175 49
12176 49
12177 49
12178 49
12179 49
12180 49
12181 49
12182 49
12183 49
12184 49
12185 49
12186 49
12187 49
12188 49
12189 49
12190 49
12191 49
12192 49
12193 49
12194 49
12195 49
12196 49
12197 49
12198 49
12199 49
12200 49
12201 49
12202 49
12203 49
12204 49
12205 49
12206 49
12207 49
12208 49
12209 49
12210 49
12211 49
12212 49
12213 49
12214 49
12215 49
12216 49
12217 49
12218 49
12219 49
12220 49
12221 49
12222 49
12223 49
12224 49
12225 49
12226 49
12227 49
12228 49
12229 49
12230 49
12231 49
12232 49
12233 49
12234 49
12235 49
12236 49
12237 49
12238 49
12239 49
12240 49
12241 49
12242 49
12243 49
12244 49
12245 49
12246 49
12247 49
12248 49
12249 49
12250 49
12251 49
12252 49
12253 49
12254 49
12255 49
12256 49
12257 49
12258 49
12259 49
12260 49
12261 49
12262 49
12263 49
12264 49
12265 49
12266 49
12267 49
12268 48
12269 48
12270 48
12271 48
12272 48
12273 48
12274 48
12275 48
12276 48
12277 48
12278 48
12279 48
12280 48
12281 48
12282 48
12283 48
12284 48
12285 48
12286 48
12287 48
12288 48
12289 48
12290 48
12291 48
12292 48
12293 48
12294 48
12295 48
12296 48
12297 48
12298 48
12299 48
12300 48
12301 48
12302 48
12303 48
12304 48
12305 48
12306 48
12307 48
12308 48
12309 48
12310 48
12311 48
12312 48
12313 48
12314 48
12315 48
12316 48
12317 48
12318 48
12319 48
12320 48
12321 48
12322 48
12323 48
12324 48
12325 48
12326 48
12327 48
12328 48
12329 48
12330 48
12331 48
12332 48
12333 48
12334 48
12335 48
12336 48
12337 48
12338 48
12339 48
12340 48
12341 48
12342 48
12343 49
12344 48
12345 48
12346 48
12347 48
12348 48
12349 48
12350 48
12351 48
12352 48
12353 48
12354 48
12355 48
12356 48
12357 48
12358 48
12359 48
12360 48
12361 49
12362 48
12363 48
12364 49
12365 49
12366 49
12367 48
12368 48
12369 48
12370 48
12371 48
12372 48
12373 48
12374 48
12375 48
12376 48
12377 49
12378 48
12379 48
12380 48
12381 48
12382 48
12383 48
12384 48
12385 48
12386 48
12387 48
12388 48
12389 48
12390 48
12391 48
12392 48
12393 48
12394 48
12395 48
12396 49
12397 48
12398 48
12399 48
12400 48
12401 48
12402 48
12403 48
12404 48
12405 49
12406 48
12407 48
12408 48
12409 48
12410 48
12411 48
12412 48
12413 48
12414 48
12415 48
12416 48
12417 48
12418 48
12419 48
12420 48
12421 48
12422 48
12423 48
12424 48
12425 48
12426 49
12427 48
12428 48
12429 48
12430 48
12431 48
12432 48
12433 48
12434 48
12435 48
12436 48
12437 48
12438 48
12439 48
12440 48
12441 48
12442 48
12443 48
12444 48
12445 48
12446 48
12447 48
12448 48
12449 48
12450 48
12451 48
12452 48
12453 48
12454 48
12455 48
12456 48
12457 48
12458 48
12459 48
12460 48
12461 48
12462 48
12463 48
12464 48
12465 48
12466 48
12467 48
12468 48
12469 48
12470 48
12471 48
12472 48
12473 48
12474 48
12475 48
12476 48
12477 48
12478 48
12479 48
12480 48
12481 48
12482 48
12483 48
12484 48
12485 48
12486 48
12487 48
12488 48
12489 48
12490 48
12491 48
12492 48
12493 48
12494 48
12495 48
12496 48
12497 48
12498 48
12499 48
12500 48
12501 48
12502 48
12503 48
12504 48
12505 48
12506 48
12507 48
12508 48
12509 48
12510 48
12511 48
12512 48
12513 48
12514 48
12515 48
12516 48
12517 48
12518 48
12519 48
12520 48
12521 48
12522 48
12523 48
12524 48
12525 48
12526 48
12527 48
12528 48
12529 48
12530 48
12531 48
12532 48
12533 48
12534 48
12535 48
12536 48
12537 48
12538 48
12539 48
12540 48
12541 48
12542 48
12543 48
12544 48
12545 48
12546 48
12547 48
12548 48
12549 48
12550 48
12551 48
12552 48
12553 48
12554 48
12555 48
12556 48
12557 48
12558 48
12559 48
12560 48
12561 48
12562 48
12563 48
12564 48
12565 48
12566 48
12567 48
12568 48
12569 48
12570 48
12571 48
12572 48
12573 48
12574 48
12575 48
12576 48
12577 48
12578 48
12579 48
12580 48
12581 48
12582 48
12583 48
12584 48
12585 48
12586 48
12587 48
12588 48
12589 48
12590 48
12591 48
12592 48
12593 48
12594 48
12595 48
12596 48
12597 48
12598 48
12599 48
12600 48
12601 48
12602 48
12603 48
12604 48
12605 48
12606 48
12607 48
12608 48
12609 48
12610 48
12611 48
12612 48
12613 48
12614 48
12615 48
12616 48
12617 48
12618 48
12619 48
12620 48
12621 48
12622 48
12623 48
12624 48
12625 48
12626 48
12627 48
12628 48
12629 48
12630 48
12631 48
12632 48
12633 48
12634 48
12635 48
12636 48
12637 48
12638 48
12639 48
12640 48
12641 48
12642 48
12643 48
12644 48
12645 48
12646 48
12647 48
12648 48
12649 48
12650 48
12651 48
12652 48
12653 48
12654 48
12655 48
12656 48
12657 48
12658 48
12659 48
12660 48
12661 48
12662 48
12663 48
12664 48
12665 48
12666 48
12667 48
12668 48
12669 48
12670 48
12671 48
12672 48
12673 48
12674 48
12675 48
12676 48
12677 48
12678 48
12679 48
12680 48
12681 48
12682 48
12683 48
12684 48
12685 48
12686 48
12687 48
12688 48
12689 48
12690 48
12691 48
12692 48
12693 48
12694 48
12695 48
12696 48
12697 48
12698 48
12699 48
12700 48
12701 48
12702 48
12703 48
12704 48
12705 48
12706 48
12707 48
12708 48
12709 48
12710 48
12711 48
12712 48
12713 48
12714 48
12715 48
12716 48
12717 48
12718 48
12719 48
12720 48
12721 48
12722 48
12723 48
12724 48
12725 48
12726 48
12727 48
12728 48
12729 48
12730 48
12731 48
12732 48
12733 48
12734 48
12735 48
12736 48
12737 48
12738 48
12739 48
12740 48
12741 48
12742 48
12743 48
12744 48
12745 48
12746 48
12747 48
12748 48
12749 48
12750 48
12751 48
12752 48
12753 48
12754 48
12755 48
12756 48
12757 48
12758 48
12759 48
12760 48
12761 48
12762 48
12763 48
12764 48
12765 48
12766 48
12767 48
12768 48
12769 48
12770 48
12771 48
12772 48
12773 48
12774 48
12775 48
12776 48
12777 48
12778 48
12779 48
12780 48
12781 48
12782 48
12783 48
12784 48
12785 48
12786 48
12787 48
12788 48
12789 48
12790 48
12791 48
12792 48
12793 48
12794 48
12795 48
12796 48
12797 48
12798 48
12799 48
12800 48
12801 48
12802 48
12803 48
12804 48
12805 48
12806 48
12807 48
12808 48
12809 48
12810 48
12811 48
12812 48
12813 48
12814 48
12815 48
12816 48
12817 48
12818 48
12819 48
12820 48
12821 48
12822 48
12823 48
12824 48
12825 48
12826 48
12827 48
12828 48
12829 48
12830 48
12831 48
12832 48
12833 48
12834 48
12835 48
12836 48
12837 48
12838 48
12839 48
12840 48
12841 48
12842 48
12843 48
12844 48
12845 48
12846 48
12847 48
12848 48
12849 48
12850 48
12851 48
12852 48
12853 48
12854 48
12855 48
12856 48
12857 48
12858 48
12859 48
12860 48
12861 48
12862 48
12863 48
12864 48
12865 48
12866 48
12867 48
12868 48
12869 48
12870 48
12871 48
12872 48
12873 48
12874 48
12875 48
12876 48
12877 48
12878 48
12879 48
12880 48
12881 48
12882 48
12883 48
12884 48
12885 48
12886 48
12887 48
12888 48
12889 48
12890 48
12891 48
12892 48
12893 48
12894 48
12895 48
12896 48
12897 48
12898 48
12899 48
12900 48
12901 48
12902 48
12903 48
12904 48
12905 48
12906 48
12907 48
12908 48
12909 48
12910 48
12911 48
12912 48
12913 48
12914 48
12915 48
12916 48
12917 48
12918 48
12919 48
12920 48
12921 48
12922 48
12923 48
12924 48
12925 48
12926 48
12927 48
12928 48
12929 48
12930 48
12931 48
12932 48
12933 48
12934 48
12935 48
12936 48
12937 48
12938 48
12939 48
12940 48
12941 48
12942 48
12943 48
12944 48
12945 48
12946 48
12947 48
12948 48
12949 48
12950 48
12951 48
12952 48
12953 48
12954 48
12955 48
12956 48
12957 48
12958 48
12959 48
12960 48
12961 48
12962 48
12963 48
12964 48
12965 48
12966 48
12967 48
12968 48
12969 48
12970 48
12971 48
12972 48
12973 48
12974 48
12975 48
12976 48
12977 48
12978 48
12979 48
12980 48
12981 48
12982 48
12983 48
12984 48
12985 48
12986 48
12987 48
12988 48
12989 48
12990 48
12991 48
12992 48
12993 48
12994 48
12995 48
12996 48
12997 48
12998 48
12999 48
13000 48
13001 48
13002 48
13003 48
13004 48
13005 48
13006 48
13007 48
13008 48
13009 48
13010 48
13011 48
13012 48
13013 48
13014 48
13015 48
13016 48
13017 48
13018 48
13019 48
13020 48
13021 48
13022 48
13023 48
13024 48
13025 48
13026 48
13027 48
13028 48
13029 48
13030 48
13031 48
13032 48
13033 48
13034 48
13035 48
13036 48
13037 48
13038 48
13039 48
13040 48
13041 48
13042 48
13043 48
13044 48
13045 48
13046 48
13047 48
13048 48
13049 48
13050 48
13051 48
13052 48
13053 48
13054 48
13055 48
13056 48
13057 48
13058 48
13059 48
13060 48
13061 48
13062 48
13063 48
13064 48
13065 48
13066 48
13067 48
13068 48
13069 48
13070 48
13071 48
13072 48
13073 48
13074 48
13075 48
13076 48
13077 48
13078 48
13079 48
13080 48
13081 48
13082 48
13083 48
13084 48
13085 48
13086 48
13087 48
13088 48
13089 48
13090 48
13091 48
13092 48
13093 48
13094 48
13095 48
13096 48
13097 48
13098 48
13099 48
13100 48
13101 48
13102 48
13103 48
13104 48
13105 48
13106 48
13107 48
13108 48
13109 48
13110 48
13111 48
13112 48
13113 48
13114 48
13115 48
13116 48
13117 48
13118 48
13119 48
13120 48
13121 48
13122 48
13123 48
13124 48
13125 48
13126 48
13127 48
13128 48
13129 48
13130 48
13131 48
13132 48
13133 48
13134 48
13135 48
13136 48
13137 48
13138 48
13139 48
13140 48
13141 48
13142 48
13143 48
13144 48
13145 48
13146 48
13147 48
13148 48
13149 48
13150 48
13151 48
13152 48
13153 48
13154 48
13155 48
13156 48
13157 48
13158 48
13159 48
13160 48
13161 48
13162 48
13163 48
13164 48
13165 48
13166 48
13167 48
13168 48
13169 48
13170 48
13171 48
13172 48
13173 48
13174 48
13175 48
13176 48
13177 48
13178 48
13179 48
13180 48
13181 48
13182 48
13183 48
13184 48
13185 48
13186 48
13187 48
13188 48
13189 48
13190 48
13191 48
13192 48
13193 48
13194 48
13195 48
13196 48
13197 48
13198 48
13199 48
13200 48
13201 48
13202 48
13203 48
13204 48
13205 48
13206 48
13207 48
13208 48
13209 48
13210 48
13211 48
13212 48
13213 48
13214 48
13215 48
13216 48
13217 48
13218 48
13219 48
13220 48
13221 48
13222 48
13223 48
13224 48
13225 48
13226 48
13227 48
13228 48
13229 48
13230 48
13231 48
13232 48
13233 48
13234 48
13235 48
13236 48
13237 48
13238 48
13239 48
13240 48
13241 48
13242 48
13243 48
13244 48
13245 48
13246 48
13247 48
13248 48
13249 48
13250 48
13251 48
13252 48
13253 48
13254 48
13255 48
13256 48
13257 48
13258 48
13259 48
13260 48
13261 48
13262 48
13263 48
13264 48
13265 48
13266 48
13267 48
13268 48
13269 48
13270 48
13271 48
13272 48
13273 48
13274 48
13275 48
13276 48
13277 48
13278 48
13279 48
13280 48
13281 48
13282 48
13283 48
13284 48
13285 48
13286 48
13287 48
13288 48
13289 48
13290 48
13291 48
13292 48
13293 48
13294 48
13295 48
13296 48
13297 48
13298 48
13299 48
13300 48
13301 48
13302 48
13303 48
13304 48
13305 48
13306 48
13307 48
13308 48
13309 48
13310 48
13311 48
13312 48
13313 48
13314 48
13315 48
13316 48
13317 48
13318 48
13319 48
13320 48
13321 48
13322 48
13323 48
13324 48
13325 48
13326 48
13327 48
13328 48
13329 48
13330 48
13331 48
13332 48
13333 48
13334 48
13335 48
13336 48
13337 48
13338 48
13339 48
13340 48
13341 48
13342 48
13343 48
13344 48
13345 48
13346 48
13347 48
13348 48
13349 48
13350 48
13351 48
13352 48
13353 48
13354 48
13355 48
13356 48
13357 48
13358 48
13359 48
13360 48
13361 48
13362 48
13363 48
13364 48
13365 48
13366 48
13367 48
13368 48
13369 48
13370 48
13371 48
13372 48
13373 48
13374 48
13375 48
13376 48
13377 48
13378 48
13379 48
13380 48
13381 48
13382 48
13383 48
13384 48
13385 48
13386 48
13387 48
13388 48
13389 48
13390 48
13391 48
13392 48
13393 48
13394 48
13395 48
13396 48
13397 48
13398 48
13399 48
13400 48
13401 48
13402 48
13403 48
13404 48
13405 48
13406 48
13407 48
13408 48
13409 48
13410 48
13411 48
13412 48
13413 48
13414 48
13415 48
13416 48
13417 48
13418 48
13419 48
13420 48
13421 48
13422 48
13423 48
13424 48
13425 48
13426 48
13427 48
13428 48
13429 48
13430 48
13431 48
13432 48
13433 48
13434 48
13435 48
13436 48
13437 48
13438 48
13439 48
13440 48
13441 48
13442 48
13443 48
13444 48
13445 48
13446 48
13447 48
13448 48
13449 48
13450 48
13451 48
13452 48
13453 48
13454 48
13455 48
13456 48
13457 48
13458 48
13459 48
13460 48
13461 48
13462 48
13463 48
13464 48
13465 48
13466 48
13467 48
13468 48
13469 48
13470 48
13471 48
13472 48
13473 48
13474 48
13475 48
13476 48
13477 48
13478 48
13479 48
13480 48
13481 48
13482 48
13483 48
13484 48
13485 48
13486 48
13487 48
13488 48
13489 48
13490 48
13491 48
13492 48
13493 48
13494 48
13495 48
13496 48
13497 48
13498 48
13499 48
13500 48
13501 48
13502 48
13503 48
13504 48
13505 48
13506 48
13507 48
13508 48
13509 48
13510 48
13511 48
13512 48
13513 48
13514 48
13515 48
13516 48
13517 48
13518 48
13519 48
13520 48
13521 48
13522 48
13523 48
13524 48
13525 48
13526 48
13527 48
13528 48
13529 48
13530 48
13531 48
13532 48
13533 48
13534 48
13535 48
13536 48
13537 48
13538 48
13539 48
13540 48
13541 48
13542 48
13543 48
13544 48
13545 48
13546 48
13547 48
13548 48
13549 48
13550 48
13551 48
13552 48
13553 48
13554 48
13555 48
13556 48
13557 48
13558 48
13559 48
13560 48
13561 48
13562 48
13563 48
13564 48
13565 48
13566 48
13567 48
13568 48
13569 48
13570 48
13571 48
13572 48
13573 48
13574 48
13575 48
13576 48
13577 48
13578 48
13579 48
13580 48
13581 48
13582 48
13583 48
13584 48
13585 48
13586 48
13587 48
13588 48
13589 48
13590 48
13591 48
13592 48
13593 48
13594 48
13595 48
13596 48
13597 48
13598 48
13599 48
13600 48
13601 48
13602 48
13603 48
13604 48
13605 48
13606 48
13607 48
13608 48
13609 48
13610 48
13611 48
13612 48
13613 48
13614 48
13615 48
13616 48
13617 48
13618 48
13619 48
13620 48
13621 48
13622 48
13623 48
13624 48
13625 48
13626 48
13627 48
13628 48
13629 48
13630 48
13631 48
13632 48
13633 48
13634 48
13635 48
13636 48
13637 48
13638 48
13639 48
13640 48
13641 48
13642 48
13643 48
13644 48
13645 48
13646 48
13647 48
13648 48
13649 48
13650 48
13651 48
13652 48
13653 48
13654 48
13655 48
13656 48
13657 48
13658 48
13659 48
13660 48
13661 48
13662 48
13663 48
13664 48
13665 48
13666 48
13667 48
13668 48
13669 48
13670 48
13671 48
13672 48
13673 48
13674 48
13675 48
13676 48
13677 48
13678 48
13679 48
13680 48
13681 48
13682 48
13683 48
13684 48
13685 48
13686 48
13687 48
13688 48
13689 48
13690 48
13691 48
13692 48
13693 48
13694 48
13695 48
13696 48
13697 48
13698 48
13699 48
13700 48
13701 48
13702 48
13703 48
13704 48
13705 48
13706 48
13707 48
13708 48
13709 48
13710 48
13711 48
13712 48
13713 48
13714 48
13715 48
13716 48
13717 48
13718 48
13719 48
13720 48
13721 48
13722 48
13723 48
13724 48
13725 48
13726 48
13727 48
13728 48
13729 48
13730 48
13731 48
13732 48
13733 48
13734 48
13735 48
13736 48
13737 48
13738 48
13739 48
13740 48
13741 48
13742 48
13743 48
13744 48
13745 48
13746 48
13747 48
13748 48
13749 48
13750 48
13751 48
13752 48
13753 48
13754 48
13755 48
13756 48
13757 48
13758 48
13759 48
13760 48
13761 48
13762 48
13763 48
13764 48
13765 48
13766 48
13767 48
13768 48
13769 48
13770 48
13771 48
13772 48
13773 48
13774 48
13775 48
13776 48
13777 48
13778 48
13779 48
13780 48
13781 48
13782 48
13783 48
13784 48
13785 48
13786 48
13787 48
13788 48
13789 48
13790 48
13791 48
13792 48
13793 48
13794 48
13795 48
13796 48
13797 48
13798 48
13799 48
13800 48
13801 48
13802 48
13803 48
13804 48
13805 48
13806 48
13807 48
13808 48
13809 48
13810 48
13811 48
13812 48
13813 48
13814 48
13815 48
13816 48
13817 48
13818 48
13819 48
13820 48
13821 48
13822 48
13823 48
13824 48
13825 48
13826 48
13827 48
13828 48
13829 48
13830 48
13831 48
13832 48
13833 48
13834 48
13835 48
13836 48
13837 48
13838 48
13839 48
13840 48
13841 48
13842 48
13843 48
13844 48
13845 48
13846 48
13847 48
13848 48
13849 48
13850 48
13851 48
13852 48
13853 48
13854 48
13855 48
13856 48
13857 48
13858 48
13859 48
13860 48
13861 48
13862 48
13863 48
13864 48
13865 48
13866 48
13867 48
13868 48
13869 48
13870 48
13871 48
13872 48
13873 48
13874 48
13875 48
13876 48
13877 48
13878 48
13879 48
13880 48
13881 48
13882 48
13883 48
13884 48
13885 48
13886 48
13887 48
13888 48
13889 48
13890 48
13891 48
13892 48
13893 48
13894 48
13895 48
13896 48
13897 48
13898 48
13899 48
13900 48
13901 48
13902 48
13903 48
13904 48
13905 48
13906 48
13907 48
13908 48
13909 48
13910 48
13911 48
13912 48
13913 48
13914 48
13915 48
13916 48
13917 48
13918 48
13919 48
13920 48
13921 48
13922 48
13923 48
13924 48
13925 48
13926 48
13927 48
13928 48
13929 48
13930 48
13931 48
13932 48
13933 48
13934 48
13935 48
13936 48
13937 48
13938 48
13939 48
13940 48
13941 48
13942 48
13943 48
13944 48
13945 48
13946 48
13947 48
13948 48
13949 48
13950 48
13951 48
13952 48
13953 48
13954 48
13955 48
13956 48
13957 48
13958 48
13959 48
13960 48
13961 48
13962 48
13963 48
13964 48
13965 48
13966 48
13967 48
13968 48
13969 48
13970 48
13971 48
13972 48
13973 48
13974 48
13975 48
13976 48
13977 48
13978 48
13979 48
13980 48
13981 48
13982 48
13983 48
13984 48
13985 48
13986 48
13987 48
13988 48
13989 48
13990 48
13991 48
13992 48
13993 48
13994 48
13995 48
13996 48
13997 48
13998 48
13999 48
14000 48
14001 48
14002 48
14003 48
14004 48
14005 48
14006 48
14007 48
14008 48
14009 48
14010 48
14011 48
14012 48
14013 48
14014 48
14015 48
14016 48
14017 48
14018 48
14019 48
14020 48
14021 48
14022 48
14023 48
14024 48
14025 48
14026 48
14027 48
14028 48
14029 48
14030 48
14031 48
14032 48
14033 48
14034 48
14035 48
14036 48
14037 48
14038 48
14039 48
14040 48
14041 48
14042 48
14043 48
14044 48
14045 48
14046 48
14047 48
14048 48
14049 48
14050 48
14051 48
14052 48
14053 48
14054 48
14055 48
14056 48
14057 48
14058 48
14059 48
14060 48
14061 48
14062 48
14063 48
14064 48
14065 48
14066 48
14067 48
14068 48
14069 48
14070 48
14071 48
14072 48
14073 48
14074 48
14075 48
14076 48
14077 48
14078 48
14079 48
14080 48
14081 48
14082 48
14083 48
14084 48
14085 48
14086 48
14087 48
14088 48
14089 48
14090 48
14091 48
14092 48
14093 48
14094 48
14095 48
14096 48
14097 48
14098 48
14099 48
14100 48
14101 48
14102 48
14103 48
14104 48
14105 48
14106 48
14107 48
14108 48
14109 48
14110 48
14111 48
14112 48
14113 48
14114 48
14115 48
14116 48
14117 48
14118 48
14119 48
14120 48
14121 48
14122 48
14123 48
14124 48
14125 48
14126 48
14127 48
14128 48
14129 48
14130 48
14131 48
14132 48
14133 48
14134 48
14135 48
14136 48
14137 48
14138 48
14139 48
14140 48
14141 48
14142 48
14143 48
14144 48
14145 48
14146 48
14147 48
14148 48
14149 48
14150 48
14151 48
14152 48
14153 48
14154 48
14155 48
14156 48
14157 48
14158 48
14159 48
14160 48
14161 48
14162 48
14163 48
14164 48
14165 48
14166 48
14167 48
14168 48
14169 48
14170 48
14171 48
14172 48
14173 48
14174 48
14175 48
14176 48
14177 48
14178 48
14179 48
14180 48
14181 48
14182 48
14183 48
14184 48
14185 48
14186 48
14187 48
14188 48
14189 48
14190 48
14191 48
14192 48
14193 48
14194 48
14195 48
14196 48
14197 48
14198 48
14199 48
14200 48
14201 48
14202 48
14203 48
14204 48
14205 48
14206 48
14207 48
14208 48
14209 48
14210 48
14211 48
14212 48
14213 48
14214 48
14215 48
14216 48
14217 48
14218 48
14219 48
14220 48
14221 48
14222 48
14223 48
14224 48
14225 48
14226 48
14227 48
14228 48
14229 48
14230 48
14231 48
14232 48
14233 48
14234 48
14235 48
14236 48
14237 48
14238 48
14239 48
14240 48
14241 48
14242 48
14243 48
14244 48
14245 48
14246 48
14247 48
14248 48
14249 48
14250 48
14251 48
14252 48
14253 48
14254 48
14255 48
14256 48
14257 48
14258 48
14259 48
14260 48
14261 48
14262 48
14263 48
14264 48
14265 48
14266 48
14267 48
14268 48
14269 48
14270 48
14271 48
14272 48
14273 48
14274 48
14275 48
14276 48
14277 48
14278 48
14279 48
14280 48
14281 48
14282 48
14283 48
14284 48
14285 48
14286 48
14287 48
14288 48
14289 48
14290 48
14291 48
14292 48
14293 48
14294 48
14295 48
14296 48
14297 48
14298 48
14299 48
14300 48
14301 48
14302 48
14303 48
14304 48
14305 48
14306 48
14307 48
14308 48
14309 48
14310 48
14311 48
14312 48
14313 48
14314 48
14315 48
14316 48
14317 48
14318 48
14319 48
14320 48
14321 48
14322 48
14323 48
14324 48
14325 48
14326 48
14327 48
14328 48
14329 48
14330 48
14331 48
14332 48
14333 48
14334 48
14335 48
14336 48
14337 48
14338 48
14339 48
14340 48
14341 48
14342 48
14343 48
14344 48
14345 48
14346 48
14347 48
14348 48
14349 48
14350 48
14351 48
14352 48
14353 48
14354 48
14355 48
14356 48
14357 48
14358 48
14359 48
14360 48
14361 48
14362 48
14363 48
14364 48
14365 48
14366 48
14367 48
14368 48
14369 48
14370 48
14371 48
14372 48
14373 48
14374 48
14375 48
14376 48
14377 48
14378 48
14379 48
14380 48
14381 48
14382 48
14383 48
14384 48
14385 48
14386 48
14387 48
14388 48
14389 48
14390 48
14391 48
14392 48
14393 48
14394 48
14395 48
14396 48
14397 48
14398 48
14399 48
14400 48
14401 48
14402 48
14403 48
14404 48
14405 48
14406 48
14407 48
14408 48
14409 48
14410 48
14411 48
14412 48
14413 48
14414 48
14415 48
14416 48
14417 48
14418 48
14419 48
14420 48
14421 48
14422 48
14423 48
14424 48
14425 48
14426 48
14427 48
14428 48
14429 48
14430 48
14431 48
14432 48
14433 48
14434 48
14435 48
14436 48
14437 48
14438 48
14439 48
14440 48
14441 48
14442 48
14443 48
14444 48
14445 48
14446 48
14447 48
14448 48
14449 48
14450 48
14451 48
14452 48
14453 48
14454 48
14455 48
14456 48
14457 48
14458 48
14459 48
14460 48
14461 48
14462 48
14463 48
14464 48
14465 48
14466 48
14467 48
14468 48
14469 48
14470 48
14471 48
14472 48
14473 48
14474 48
14475 48
14476 48
14477 48
14478 48
14479 48
14480 48
14481 48
14482 48
14483 48
14484 48
14485 48
14486 48
14487 48
14488 48
14489 48
14490 48
14491 48
14492 48
14493 48
14494 48
14495 48
14496 48
14497 48
14498 48
14499 48
14500 48
14501 48
14502 48
14503 48
14504 48
14505 48
14506 48
14507 48
14508 48
14509 48
14510 48
14511 48
14512 48
14513 48
14514 48
14515 48
14516 48
14517 48
14518 48
14519 48
14520 48
14521 48
14522 48
14523 48
14524 48
14525 48
14526 48
14527 48
14528 48
14529 48
14530 48
14531 48
14532 48
14533 48
14534 48
14535 48
14536 48
14537 48
14538 48
14539 48
14540 48
14541 48
14542 48
14543 48
14544 48
14545 48
14546 48
14547 48
14548 48
14549 48
14550 48
14551 48
14552 48
14553 48
14554 48
14555 48
14556 48
14557 48
14558 48
14559 48
14560 48
14561 48
14562 48
14563 48
14564 48
14565 48
14566 48
14567 48
14568 48
14569 48
14570 48
14571 48
14572 48
14573 48
14574 48
14575 48
14576 48
14577 48
14578 48
14579 48
14580 48
14581 48
14582 48
14583 48
14584 48
14585 48
14586 48
14587 48
14588 48
14589 48
14590 48
14591 48
14592 48
14593 48
14594 48
14595 48
14596 48
14597 48
14598 48
14599 48
14600 48
14601 48
14602 48
14603 48
14604 48
14605 48
14606 48
14607 48
14608 48
14609 48
14610 48
14611 48
14612 48
14613 48
14614 48
14615 48
14616 48
14617 48
14618 48
14619 48
14620 48
14621 48
14622 48
14623 48
14624 48
14625 48
14626 48
14627 48
14628 48
14629 48
14630 48
14631 48
14632 48
14633 48
14634 48
14635 48
14636 48
14637 48
14638 48
14639 48
14640 48
14641 48
14642 48
14643 48
14644 48
14645 48
14646 48
14647 48
14648 48
14649 48
14650 48
14651 48
14652 48
14653 48
14654 48
14655 48
14656 48
14657 48
14658 48
14659 48
14660 48
14661 48
14662 48
14663 48
14664 48
14665 48
14666 48
14667 48
14668 48
14669 48
14670 48
14671 48
14672 48
14673 48
14674 48
14675 48
14676 48
14677 48
14678 48
14679 48
14680 48
14681 48
14682 48
14683 48
14684 48
14685 48
14686 48
14687 48
14688 48
14689 48
14690 48
14691 48
14692 48
14693 48
14694 48
14695 48
14696 48
14697 48
14698 48
14699 48
14700 48
14701 48
14702 48
14703 48
14704 48
14705 48
14706 48
14707 48
14708 48
14709 48
14710 48
14711 48
14712 48
14713 48
14714 48
14715 48
14716 48
14717 48
14718 48
14719 48
14720 48
14721 48
14722 48
14723 48
14724 48
14725 48
14726 48
14727 48
14728 48
14729 48
14730 48
14731 48
14732 48
14733 48
14734 48
14735 48
14736 48
14737 48
14738 48
14739 48
14740 48
14741 48
14742 48
14743 48
14744 48
14745 48
14746 48
14747 48
14748 48
14749 48
14750 48
14751 48
14752 48
14753 48
14754 48
14755 48
14756 48
14757 48
14758 48
14759 48
14760 48
14761 48
14762 48
14763 48
14764 48
14765 48
14766 48
14767 48
14768 48
14769 48
14770 48
14771 48
14772 48
14773 48
14774 48
14775 48
14776 48
14777 48
14778 48
14779 48
14780 48
14781 48
14782 48
14783 48
14784 48
14785 48
14786 48
14787 48
14788 48
14789 48
14790 48
14791 48
14792 48
14793 48
14794 48
14795 48
14796 48
14797 48
14798 48
14799 48
14800 48
14801 48
14802 48
14803 48
14804 48
14805 48
14806 48
14807 48
14808 48
14809 48
14810 48
14811 48
14812 48
14813 48
14814 48
14815 48
14816 48
14817 48
14818 48
14819 48
14820 48
14821 48
14822 48
14823 48
14824 48
14825 48
14826 48
14827 48
14828 48
14829 48
14830 48
14831 48
14832 48
14833 48
14834 48
14835 48
14836 48
14837 48
14838 48
14839 48
14840 48
14841 48
14842 48
14843 48
14844 48
14845 48
14846 48
14847 48
14848 48
14849 48
14850 48
14851 48
14852 48
14853 48
14854 48
14855 48
14856 48
14857 48
14858 48
14859 48
14860 48
14861 48
14862 48
14863 48
14864 48
14865 48
14866 48
14867 48
14868 48
14869 48
14870 48
14871 48
14872 48
14873 48
14874 48
14875 48
14876 48
14877 48
14878 48
14879 48
14880 48
14881 48
14882 48
14883 48
14884 48
14885 48
14886 48
14887 48
14888 48
14889 48
14890 48
14891 48
14892 48
14893 48
14894 48
14895 48
14896 48
14897 48
14898 48
14899 48
14900 48
14901 48
14902 48
14903 48
14904 48
14905 48
14906 48
14907 48
14908 48
14909 48
14910 48
14911 48
14912 48
14913 48
14914 48
14915 48
14916 48
14917 48
14918 48
14919 48
14920 48
14921 48
14922 48
14923 48
14924 48
14925 48
14926 48
14927 48
14928 48
14929 48
14930 48
14931 48
14932 48
14933 48
14934 48
14935 48
14936 48
14937 49
14938 48
14939 48
14940 48
14941 48
14942 49
14943 49
14944 48
14945 48
14946 48
14947 48
14948 48
14949 48
14950 48
14951 49
14952 48
14953 49
14954 49
14955 49
14956 49
14957 49
14958 49
14959 49
14960 48
14961 49
14962 49
14963 49
14964 49
14965 49
14966 49
14967 49
14968 49
14969 49
14970 49
14971 49
14972 49
14973 49
14974 49
14975 49
14976 49
14977 49
14978 49
14979 49
14980 49
14981 49
14982 49
14983 49
14984 49
14985 49
14986 49
14987 49
14988 49
14989 49
14990 49
14991 49
14992 49
14993 49
14994 49
14995 49
14996 49
14997 49
14998 49
14999 49
15000 49
15001 49
15002 49
15003 49
15004 49
15005 49
15006 49
15007 49
15008 49
15009 49
15010 49
15011 49
15012 49
15013 49
15014 49
15015 49
15016 48
15017 49
15018 49
15019 49
15020 49
15021 49
15022 49
15023 49
15024 49
15025 49
15026 49
15027 49
15028 49
15029 49
15030 49
15031 49
15032 49
15033 49
15034 49
15035 49
15036 49
15037 49
15038 49
15039 49
15040 49
15041 49
15042 49
15043 49
15044 49
15045 49
15046 49
15047 49
15048 49
15049 49
15050 49
15051 49
15052 49
15053 49
15054 49
15055 49
15056 49
15057 49
15058 49
15059 49
15060 49
15061 49
15062 49
15063 49
15064 49
15065 49
15066 49
15067 49
15068 49
15069 49
15070 49
15071 49
15072 49
15073 49
15074 49
15075 49
15076 49
15077 49
15078 49
15079 49
15080 49
15081 49
15082 49
15083 49
15084 49
15085 49
15086 49
15087 49
15088 49
15089 48
15090 48
15091 48
15092 48
15093 48
15094 48
15095 48
15096 48
15097 48
15098 48
15099 49
15100 49
15101 49
15102 49
15103 49
15104 49
15105 49
15106 49
15107 49
15108 49
15109 49
15110 49
15111 49
15112 49
15113 49
15114 49
15115 49
15116 49
15117 49
15118 48
15119 48
15120 49
15121 49
15122 49
15123 49
15124 49
15125 49
15126 49
15127 49
15128 49
15129 49
15130 49
15131 49
15132 49
15133 49
15134 49
15135 49
15136 49
15137 48
15138 48
15139 49
15140 49
15141 49
15142 48
15143 49
15144 49
15145 49
15146 49
15147 49
15148 49
15149 49
15150 49
15151 49
15152 49
15153 49
15154 49
15155 49
15156 49
15157 49
15158 49
15159 49
15160 49
15161 49
15162 49
15163 49
15164 49
15165 49
15166 49
15167 49
15168 48
15169 48
15170 49
15171 49
15172 49
15173 49
15174 49
15175 49
15176 49
15177 49
15178 49
15179 49
15180 49
15181 49
15182 49
15183 49
15184 49
15185 49
15186 49
15187 49
15188 49
15189 49
15190 49
15191 49
15192 49
15193 49
15194 49
15195 48
15196 49
15197 49
15198 49
15199 49
15200 49
15201 49
15202 49
15203 49
15204 49
15205 49
15206 49
15207 49
15208 49
15209 49
15210 49
15211 49
15212 49
15213 49
15214 49
15215 49
15216 49
15217 49
15218 49
15219 49
15220 49
15221 49
15222 49
15223 49
15224 49
15225 49
15226 49
15227 49
15228 49
15229 49
15230 49
15231 49
15232 49
15233 49
15234 49
15235 49
15236 49
15237 49
15238 49
15239 49
15240 49
15241 49
15242 49
15243 49
15244 49
15245 49
15246 49
15247 49
15248 49
15249 49
15250 49
15251 49
15252 49
15253 49
15254 49
15255 49
15256 49
15257 49
15258 49
15259 49
15260 49
15261 49
15262 49
15263 49
15264 49
15265 49
15266 49
15267 49
15268 49
15269 49
15270 49
15271 49
15272 49
15273 49
15274 49
15275 49
15276 49
15277 49
15278 49
15279 49
15280 49
15281 49
15282 49
15283 49
15284 49
15285 49
15286 49
15287 49
15288 49
15289 49
15290 49
15291 49
15292 49
15293 49
15294 49
15295 49
15296 49
15297 49
15298 49
15299 49
15300 49
15301 49
15302 49
15303 49
15304 49
15305 49
15306 49
15307 49
15308 49
15309 49
15310 49
15311 49
15312 49
15313 49
15314 48
15315 48
15316 49
15317 49
15318 49
15319 49
15320 49
15321 49
15322 49
15323 49
15324 49
15325 49
15326 48
15327 49
15328 49
15329 48
15330 48
15331 48
15332 48
15333 48
15334 48
15335 48
15336 49
15337 48
15338 49
15339 49
15340 49
15341 49
15342 49
15343 49
15344 49
15345 49
15346 49
15347 49
15348 49
15349 49
15350 49
15351 49
15352 48
15353 49
15354 49
15355 49
15356 49
15357 49
15358 49
15359 49
15360 49
15361 49
15362 49
15363 49
15364 49
15365 49
15366 49
15367 49
15368 49
15369 49
15370 49
15371 49
15372 49
15373 49
15374 49
15375 49
15376 49
15377 49
15378 49
15379 49
15380 49
15381 49
15382 49
15383 49
15384 49
15385 49
15386 49
15387 49
15388 49
15389 49
15390 49
15391 49
15392 49
15393 49
15394 49
15395 49
15396 49
15397 49
15398 49
15399 49
15400 49
15401 49
15402 49
15403 49
15404 49
15405 49
15406 49
15407 49
15408 49
15409 49
15410 49
15411 49
15412 49
15413 49
15414 49
15415 49
15416 49
15417 49
15418 49
15419 49
15420 49
15421 49
15422 49
15423 49
15424 49
15425 49
15426 49
15427 49
15428 49
15429 49
15430 49
15431 49
15432 49
15433 49
15434 49
15435 49
15436 49
15437 48
15438 48
15439 49
15440 49
15441 49
15442 49
15443 49
15444 49
15445 49
15446 49
15447 49
15448 49
15449 49
15450 49
15451 49
15452 49
15453 49
15454 49
15455 49
15456 49
15457 49
15458 49
15459 49
15460 49
15461 49
15462 49
15463 49
15464 49
15465 49
15466 49
15467 49
15468 49
15469 49
15470 49
15471 49
15472 49
15473 49
15474 49
15475 49
15476 49
15477 49
15478 49
15479 49
15480 49
15481 49
15482 49
15483 49
15484 49
15485 49
15486 49
15487 49
15488 49
15489 49
15490 49
15491 49
15492 49
15493 49
15494 49
15495 49
15496 49
15497 49
15498 49
15499 49
15500 49
15501 49
15502 49
15503 49
15504 49
15505 49
15506 49
15507 49
15508 49
15509 49
15510 49
15511 49
15512 49
15513 49
15514 49
15515 49
15516 49
15517 49
15518 49
15519 49
15520 49
15521 49
15522 49
15523 49
15524 49
15525 49
15526 49
15527 49
15528 49
15529 49
15530 49
15531 49
15532 49
15533 49
15534 49
15535 49
15536 49
15537 49
15538 49
15539 49
15540 49
15541 49
15542 49
15543 49
15544 49
15545 49
15546 49
15547 49
15548 49
15549 49
15550 49
15551 49
15552 49
15553 49
15554 49
15555 49
15556 49
15557 49
15558 49
15559 49
15560 49
15561 49
15562 49
15563 49
15564 49
15565 49
15566 49
15567 49
15568 49
15569 49
15570 49
15571 49
15572 49
15573 49
15574 49
15575 49
15576 49
15577 49
15578 49
15579 49
15580 49
15581 49
15582 49
15583 49
15584 49
15585 49
15586 49
15587 49
15588 49
15589 49
15590 49
15591 49
15592 49
15593 49
15594 49
15595 49
15596 49
15597 49
15598 49
15599 49
15600 49
15601 49
15602 49
15603 49
15604 49
15605 49
15606 49
15607 49
15608 49
15609 49
15610 49
15611 49
15612 49
15613 49
15614 49
15615 49
15616 49
15617 49
15618 49
15619 49
15620 49
15621 49
15622 49
15623 49
15624 49
15625 49
15626 49
15627 49
15628 49
15629 49
15630 49
15631 49
15632 49
15633 49
15634 49
15635 49
15636 49
15637 49
15638 49
15639 49
15640 49
15641 49
15642 49
15643 49
15644 49
15645 49
15646 49
15647 49
15648 49
15649 49
15650 49
15651 49
15652 49
15653 49
15654 49
15655 49
15656 49
15657 49
15658 49
15659 49
15660 49
15661 49
15662 49
15663 49
15664 49
15665 49
15666 49
15667 49
15668 49
15669 49
15670 49
15671 49
15672 49
15673 49
15674 49
15675 49
15676 49
15677 49
15678 49
15679 49
15680 49
15681 49
15682 49
15683 49
15684 49
15685 49
15686 49
15687 49
15688 49
15689 49
15690 49
15691 49
15692 49
15693 49
15694 49
15695 49
15696 49
15697 49
15698 49
15699 49
15700 49
15701 49
15702 49
15703 49
15704 49
15705 49
15706 49
15707 49
15708 49
15709 49
15710 49
15711 49
15712 49
15713 49
15714 49
15715 49
15716 49
15717 49
15718 49
15719 49
15720 49
15721 49
15722 49
15723 49
15724 49
15725 49
15726 49
15727 49
15728 49
15729 49
15730 49
15731 49
15732 49
15733 49
15734 49
15735 49
15736 49
15737 49
15738 49
15739 49
15740 49
15741 49
15742 49
15743 49
15744 49
15745 49
15746 49
15747 49
15748 49
15749 49
15750 49
15751 49
15752 49
15753 49
15754 49
15755 49
15756 49
15757 50
15758 49
15759 50
15760 50
15761 50
15762 50
15763 49
15764 49
15765 49
15766 49
15767 49
15768 49
15769 49
15770 49
15771 49
15772 49
15773 49
15774 49
15775 49
15776 49
15777 49
15778 49
15779 49
15780 49
15781 49
15782 49
15783 49
15784 49
15785 49
15786 49
15787 49
15788 49
15789 49
15790 49
15791 49
15792 49
15793 49
15794 49
15795 49
15796 49
15797 49
15798 49
15799 49
15800 49
15801 49
15802 49
15803 49
15804 49
15805 49
15806 49
15807 49
15808 49
15809 49
15810 49
15811 49
15812 49
15813 50
15814 49
15815 49
15816 49
15817 49
15818 49
15819 49
15820 49
15821 49
15822 49
15823 49
15824 49
15825 49
15826 49
15827 49
15828 49
15829 49
15830 50
15831 50
15832 49
15833 49
15834 49
15835 49
15836 49
15837 49
15838 50
15839 50
15840 49
15841 50
15842 50
15843 50
15844 50
15845 49
15846 49
15847 50
15848 50
15849 49
15850 50
15851 50
15852 50
15853 50
15854 50
15855 50
15856 50
15857 50
15858 50
15859 50
15860 50
15861 50
15862 50
15863 50
15864 50
15865 50
15866 50
15867 50
15868 50
15869 50
15870 50
15871 50
15872 50
15873 50
15874 50
15875 50
15876 49
15877 49
15878 50
15879 50
15880 50
15881 49
15882 49
15883 49
15884 49
15885 49
15886 49
15887 49
15888 49
15889 49
15890 49
15891 49
15892 49
15893 49
15894 49
15895 49
15896 49
15897 49
15898 49
15899 49
15900 49
15901 49
15902 49
15903 49
15904 49
15905 49
15906 49
15907 49
15908 49
15909 49
15910 49
15911 49
15912 49
15913 49
15914 49
15915 49
15916 49
15917 50
15918 49
15919 49
15920 49
15921 49
15922 49
15923 49
15924 49
15925 49
15926 49
15927 49
15928 49
15929 49
15930 49
15931 49
15932 49
15933 49
15934 49
15935 49
15936 49
15937 49
15938 49
15939 49
15940 49
15941 49
15942 49
15943 49
15944 49
15945 49
15946 49
15947 49
15948 49
15949 49
15950 49
15951 49
15952 49
15953 49
15954 49
15955 49
15956 49
15957 49
15958 49
15959 49
15960 49
15961 49
15962 49
15963 49
15964 49
15965 49
15966 49
15967 49
15968 49
15969 49
15970 49
15971 49
15972 49
15973 49
15974 49
15975 49
15976 49
15977 49
15978 49
15979 49
15980 49
15981 49
15982 49
15983 49
15984 49
15985 49
15986 49
15987 49
15988 49
15989 49
15990 49
15991 49
15992 49
15993 49
15994 49
15995 49
15996 49
15997 49
15998 49
15999 49
16000 49
16001 49
16002 49
16003 49
16004 49
16005 49
16006 49
16007 49
16008 49
16009 49
16010 49
16011 49
16012 49
16013 49
16014 49
16015 49
16016 49
16017 49
16018 49
16019 49
16020 49
16021 49
16022 49
16023 49
16024 49
16025 49
16026 49
16027 49
16028 49
16029 49
16030 49
16031 49
16032 49
16033 49
16034 49
16035 49
16036 49
16037 49
16038 49
16039 49
16040 49
16041 49
16042 49
16043 49
16044 49
16045 49
16046 49
16047 49
16048 49
16049 49
16050 49
16051 49
16052 49
16053 49
16054 49
16055 49
16056 49
16057 49
16058 49
16059 49
16060 49
16061 49
16062 49
16063 49
16064 49
16065 49
16066 49
16067 49
16068 49
16069 49
16070 49
16071 49
16072 49
16073 49
16074 49
16075 49
16076 49
16077 49
16078 49
16079 49
16080 49
16081 49
16082 49
16083 49
16084 49
16085 49
16086 49
16087 49
16088 49
16089 49
16090 49
16091 49
16092 49
16093 49
16094 49
16095 49
16096 49
16097 49
16098 49
16099 49
16100 49
16101 49
16102 49
16103 49
16104 49
16105 49
16106 49
16107 49
16108 49
16109 49
16110 49
16111 49
16112 49
16113 49
16114 49
16115 49
16116 49
16117 49
16118 49
16119 49
16120 49
16121 49
16122 49
16123 49
16124 49
16125 49
16126 49
16127 49
16128 49
16129 49
16130 49
16131 49
16132 49
16133 49
16134 49
16135 49
16136 49
16137 49
16138 49
16139 49
16140 49
16141 49
16142 49
16143 49
16144 49
16145 49
16146 49
16147 49
16148 49
16149 49
16150 49
16151 49
16152 49
16153 49
16154 49
16155 49
16156 49
16157 49
16158 49
16159 49
16160 49
16161 49
16162 49
16163 49
16164 49
16165 49
16166 49
16167 49
16168 49
16169 49
16170 49
16171 49
16172 49
16173 49
16174 49
16175 49
16176 49
16177 49
16178 49
16179 49
16180 49
16181 49
16182 49
16183 49
16184 49
16185 49
16186 49
16187 49
16188 49
16189 49
16190 49
16191 49
16192 49
16193 49
16194 49
16195 49
16196 49
16197 49
16198 49
16199 49
16200 49
16201 49
16202 49
16203 49
16204 49
16205 49
16206 49
16207 49
16208 49
16209 49
16210 49
16211 49
16212 49
16213 49
16214 49
16215 49
16216 49
16217 49
16218 49
16219 49
16220 49
16221 49
16222 49
16223 49
16224 49
16225 49
16226 49
16227 49
16228 49
16229 49
16230 49
16231 49
16232 49
16233 49
16234 49
16235 49
16236 49
16237 49
16238 49
16239 49
16240 49
16241 49
16242 49
16243 49
16244 49
16245 49
16246 49
16247 49
16248 49
16249 49
16250 49
16251 49
16252 49
16253 49
16254 49
16255 49
16256 49
16257 49
16258 49
16259 49
16260 49
16261 49
16262 49
16263 49
16264 49
16265 49
16266 49
16267 49
16268 49
16269 49
16270 49
16271 49
16272 49
16273 49
16274 49
16275 49
16276 49
16277 49
16278 49
16279 49
16280 49
16281 49
16282 49
16283 49
16284 49
16285 49
16286 49
16287 49
16288 49
16289 49
16290 49
16291 49
16292 49
16293 49
16294 49
16295 49
16296 49
16297 49
16298 49
16299 49
16300 49
16301 49
16302 49
16303 49
16304 49
16305 49
16306 49
16307 49
16308 49
16309 49
16310 49
16311 49
16312 49
16313 49
16314 49
16315 49
16316 49
16317 49
16318 49
16319 49
16320 49
16321 49
16322 49
16323 49
16324 49
16325 49
16326 49
16327 49
16328 49
16329 49
16330 49
16331 49
16332 49
16333 49
16334 49
16335 49
16336 49
16337 49
16338 49
16339 49
16340 49
16341 49
16342 49
16343 49
16344 49
16345 49
16346 49
16347 49
16348 49
16349 49
16350 49
16351 49
16352 49
16353 49
16354 49
16355 49
16356 49
16357 49
16358 49
16359 49
16360 49
16361 49
16362 49
16363 49
16364 49
16365 49
16366 49
16367 49
16368 49
16369 49
16370 49
16371 49
16372 49
16373 49
16374 49
16375 49
16376 49
16377 49
16378 49
16379 49
16380 49
16381 49
16382 49
16383 49
16384 49
16385 49
16386 49
16387 49
16388 49
16389 49
16390 49
16391 49
16392 49
16393 49
16394 49
16395 49
16396 49
16397 49
16398 49
16399 49
16400 49
16401 49
16402 49
16403 49
16404 49
16405 49
16406 49
16407 49
16408 49
16409 49
16410 49
16411 49
16412 49
16413 49
16414 49
16415 49
16416 49
16417 49
16418 49
16419 49
16420 49
16421 49
16422 49
16423 49
16424 49
16425 49
16426 49
16427 49
16428 49
16429 49
16430 49
16431 49
16432 49
16433 49
16434 49
16435 49
16436 49
16437 49
16438 49
16439 49
16440 49
16441 49
16442 49
16443 49
16444 49
16445 49
16446 49
16447 49
16448 49
16449 49
16450 49
16451 49
16452 49
16453 49
16454 49
16455 49
16456 49
16457 49
16458 49
16459 49
16460 49
16461 49
16462 49
16463 49
16464 49
16465 49
16466 49
16467 49
16468 49
16469 49
16470 49
16471 49
16472 49
16473 49
16474 49
16475 49
16476 49
16477 49
16478 49
16479 49
16480 49
16481 49
16482 49
16483 49
16484 49
16485 49
16486 49
16487 49
16488 49
16489 49
16490 49
16491 49
16492 49
16493 49
16494 49
16495 49
16496 49
16497 49
16498 49
16499 49
16500 49
16501 49
16502 49
16503 49
16504 49
16505 49
16506 49
16507 49
16508 49
16509 49
16510 49
16511 49
16512 49
16513 49
16514 49
16515 49
16516 49
16517 49
16518 49
16519 49
16520 49
16521 49
16522 49
16523 49
16524 49
16525 49
16526 49
16527 49
16528 49
16529 49
16530 49
16531 49
16532 49
16533 49
16534 49
16535 49
16536 49
16537 49
16538 49
16539 49
16540 49
16541 49
16542 49
16543 49
16544 49
16545 49
16546 49
16547 49
16548 49
16549 49
16550 49
16551 49
16552 49
16553 49
16554 49
16555 49
16556 49
16557 49
16558 49
16559 49
16560 49
16561 49
16562 49
16563 49
16564 49
16565 49
16566 49
16567 49
16568 49
16569 49
16570 49
16571 49
16572 49
16573 49
16574 49
16575 49
16576 49
16577 49
16578 49
16579 49
16580 49
16581 49
16582 49
16583 49
16584 49
16585 49
16586 49
16587 49
16588 49
16589 49
16590 49
16591 49
16592 49
16593 49
16594 49
16595 49
16596 49
16597 49
16598 49
16599 49
16600 49
16601 49
16602 49
16603 49
16604 49
16605 49
16606 49
16607 49
16608 49
16609 49
16610 49
16611 49
16612 49
16613 49
16614 49
16615 49
16616 49
16617 49
16618 49
16619 49
16620 49
16621 49
16622 49
16623 49
16624 49
16625 49
16626 49
16627 49
16628 49
16629 49
16630 49
16631 49
16632 49
16633 49
16634 49
16635 49
16636 49
16637 49
16638 49
16639 49
16640 49
16641 49
16642 49
16643 49
16644 49
16645 49
16646 49
16647 49
16648 49
16649 49
16650 49
16651 49
16652 49
16653 49
16654 49
16655 49
16656 49
16657 49
16658 49
16659 49
16660 49
16661 49
16662 49
16663 49
16664 49
16665 49
16666 49
16667 49
16668 49
16669 49
16670 49
16671 49
16672 49
16673 49
16674 49
16675 49
16676 49
16677 49
16678 49
16679 49
16680 49
16681 49
16682 49
16683 49
16684 49
16685 49
16686 49
16687 49
16688 49
16689 49
16690 49
16691 49
16692 49
16693 49
16694 49
16695 49
16696 49
16697 49
16698 49
16699 49
16700 49
16701 49
16702 49
16703 49
16704 49
16705 49
16706 49
16707 49
16708 49
16709 49
16710 49
16711 49
16712 49
16713 49
16714 49
16715 49
16716 49
16717 49
16718 49
16719 49
16720 49
16721 49
16722 49
16723 49
16724 49
16725 49
16726 49
16727 49
16728 49
16729 49
16730 49
16731 49
16732 49
16733 49
16734 49
16735 49
16736 49
16737 49
16738 49
16739 49
16740 49
16741 49
16742 49
16743 49
16744 49
16745 49
16746 49
16747 49
16748 49
16749 49
16750 49
16751 49
16752 49
16753 49
16754 49
16755 49
16756 49
16757 49
16758 49
16759 49
16760 49
16761 49
16762 49
16763 49
16764 49
16765 49
16766 49
16767 49
16768 49
16769 49
16770 49
16771 49
16772 49
16773 49
16774 49
16775 49
16776 49
16777 49
16778 49
16779 49
16780 49
16781 49
16782 49
16783 49
16784 49
16785 49
16786 49
16787 49
16788 49
16789 49
16790 49
16791 49
16792 49
16793 49
16794 49
16795 49
16796 49
16797 49
16798 49
16799 49
16800 49
16801 49
16802 49
16803 49
16804 49
16805 49
16806 49
16807 49
16808 49
16809 49
16810 49
16811 49
16812 49
16813 49
16814 49
16815 49
16816 49
16817 49
16818 49
16819 49
16820 49
16821 49
16822 49
16823 49
16824 49
16825 49
16826 49
16827 49
16828 49
16829 49
16830 49
16831 49
16832 49
16833 49
16834 49
16835 49
16836 49
16837 49
16838 49
16839 49
16840 49
16841 49
16842 49
16843 49
16844 49
16845 49
16846 49
16847 49
16848 49
16849 49
16850 49
16851 49
16852 49
16853 49
16854 49
16855 49
16856 49
16857 49
16858 49
16859 49
16860 49
16861 49
16862 49
16863 49
16864 49
16865 49
16866 49
16867 49
16868 49
16869 49
16870 49
16871 49
16872 49
16873 49
16874 49
16875 49
16876 49
16877 49
16878 49
16879 49
16880 49
16881 49
16882 49
16883 49
16884 49
16885 49
16886 49
16887 49
16888 49
16889 49
16890 49
16891 49
16892 49
16893 49
16894 49
16895 49
16896 49
16897 49
16898 49
16899 49
16900 49
16901 49
16902 49
16903 49
16904 49
16905 49
16906 49
16907 49
16908 49
16909 49
16910 49
16911 49
16912 49
16913 49
16914 49
16915 49
16916 49
16917 49
16918 49
16919 49
16920 49
16921 49
16922 49
16923 49
16924 49
16925 49
16926 49
16927 49
16928 49
16929 49
16930 49
16931 49
16932 49
16933 49
16934 49
16935 49
16936 49
16937 49
16938 49
16939 49
16940 49
16941 49
16942 49
16943 49
16944 49
16945 49
16946 49
16947 49
16948 49
16949 49
16950 49
16951 49
16952 49
16953 49
16954 49
16955 49
16956 49
16957 49
16958 49
16959 49
16960 49
16961 49
16962 49
16963 49
16964 49
16965 49
16966 49
16967 49
16968 49
16969 49
16970 49
16971 49
16972 49
16973 49
16974 49
16975 49
16976 49
16977 49
16978 49
16979 49
16980 49
16981 49
16982 49
16983 49
16984 49
16985 49
16986 49
16987 49
16988 49
16989 49
16990 49
16991 49
16992 49
16993 49
16994 49
16995 49
16996 49
16997 49
16998 49
16999 49
17000 49
17001 49
17002 49
17003 49
17004 49
17005 49
17006 49
17007 49
17008 49
17009 49
17010 49
17011 49
17012 49
17013 49
17014 49
17015 49
17016 49
17017 49
17018 49
17019 49
17020 49
17021 49
17022 49
17023 49
17024 49
17025 49
17026 49
17027 49
17028 49
17029 49
17030 49
17031 49
17032 49
17033 49
17034 49
17035 49
17036 49
17037 49
17038 49
17039 49
17040 49
17041 49
17042 49
17043 49
17044 49
17045 49
17046 49
17047 49
17048 49
17049 49
17050 49
17051 49
17052 49
17053 49
17054 49
17055 49
17056 49
17057 49
17058 49
17059 49
17060 49
17061 49
17062 49
17063 49
17064 49
17065 49
17066 49
17067 49
17068 49
17069 49
17070 49
17071 49
17072 49
17073 49
17074 49
17075 49
17076 49
17077 49
17078 49
17079 49
17080 49
17081 49
17082 49
17083 49
17084 49
17085 49
17086 49
17087 49
17088 49
17089 49
17090 49
17091 49
17092 49
17093 49
17094 49
17095 49
17096 49
17097 49
17098 49
17099 49
17100 49
17101 49
17102 49
17103 49
17104 49
17105 49
17106 49
17107 49
17108 49
17109 49
17110 49
17111 49
17112 49
17113 49
17114 49
17115 49
17116 49
17117 49
17118 49
17119 49
17120 49
17121 49
17122 49
17123 49
17124 49
17125 49
17126 49
17127 49
17128 49
17129 49
17130 49
17131 49
17132 49
17133 49
17134 49
17135 49
17136 49
17137 49
17138 49
17139 49
17140 49
17141 49
17142 49
17143 49
17144 49
17145 49
17146 49
17147 49
17148 49
17149 49
17150 49
17151 49
17152 49
17153 49
17154 49
17155 49
17156 49
17157 49
17158 49
17159 49
17160 49
17161 49
17162 49
17163 49
17164 49
17165 49
17166 49
17167 49
17168 49
17169 49
17170 49
17171 49
17172 49
17173 49
17174 49
17175 49
17176 49
17177 49
17178 49
17179 49
17180 49
17181 49
17182 49
17183 49
17184 49
17185 49
17186 49
17187 49
17188 49
17189 49
17190 49
17191 49
17192 49
17193 49
17194 49
17195 49
17196 49
17197 49
17198 49
17199 49
17200 49
17201 49
17202 49
17203 49
17204 49
17205 49
17206 49
17207 49
17208 49
17209 49
17210 49
17211 49
17212 49
17213 49
17214 49
17215 49
17216 49
17217 49
17218 49
17219 49
17220 49
17221 49
17222 49
17223 49
17224 49
17225 49
17226 49
17227 49
17228 49
17229 49
17230 49
17231 49
17232 49
17233 49
17234 49
17235 49
17236 49
17237 49
17238 49
17239 49
17240 49
17241 49
17242 49
17243 49
17244 49
17245 49
17246 49
17247 49
17248 49
17249 49
17250 49
17251 49
17252 49
17253 49
17254 49
17255 49
17256 49
17257 49
17258 49
17259 49
17260 49
17261 49
17262 49
17263 49
17264 49
17265 49
17266 49
17267 49
17268 49
17269 49
17270 49
17271 49
17272 49
17273 49
17274 49
17275 49
17276 49
17277 49
17278 49
17279 49
17280 49
17281 49
17282 49
17283 49
17284 49
17285 49
17286 49
17287 49
17288 49
17289 49
17290 49
17291 49
17292 49
17293 49
17294 49
17295 49
17296 49
17297 49
17298 49
17299 49
17300 49
17301 49
17302 49
17303 49
17304 49
17305 49
17306 49
17307 49
17308 49
17309 49
17310 50
17311 50
17312 49
17313 49
17314 49
17315 49
17316 50
17317 49
17318 50
17319 49
17320 49
17321 49
17322 50
17323 50
17324 50
17325 50
17326 50
17327 50
17328 49
17329 49
17330 49
17331 49
17332 49
17333 49
17334 50
17335 50
17336 50
17337 50
17338 50
17339 50
17340 50
17341 50
17342 50
17343 50
17344 50
17345 50
17346 50
17347 50
17348 49
17349 49
17350 49
17351 49
17352 49
17353 49
17354 49
17355 49
17356 49
17357 49
17358 49
17359 49
17360 49
17361 49
17362 49
17363 49
17364 49
17365 49
17366 49
17367 49
17368 49
17369 49
17370 49
17371 49
17372 49
17373 49
17374 49
17375 49
17376 49
17377 49
17378 49
17379 49
17380 49
17381 49
17382 50
17383 50
17384 50
17385 50
17386 50
17387 50
17388 50
17389 50
17390 49
17391 49
17392 49
17393 50
17394 50
17395 49
17396 50
17397 49
17398 50
17399 50
17400 50
17401 50
17402 50
17403 50
17404 50
17405 50
17406 50
17407 50
17408 50
17409 50
17410 50
17411 50
17412 50
17413 50
17414 50
17415 50
17416 49
17417 50
17418 50
17419 50
17420 50
17421 50
17422 49
17423 49
17424 50
17425 50
17426 50
17427 50
17428 50
17429 50
17430 50
17431 50
17432 50
17433 50
17434 50
17435 50
17436 50
17437 50
17438 50
17439 50
17440 50
17441 50
17442 49
17443 50
17444 49
17445 49
17446 49
17447 49
17448 49
17449 49
17450 49
17451 49
17452 49
17453 49
17454 49
17455 49
17456 49
17457 49
17458 49
17459 49
17460 49
17461 49
17462 49
17463 49
17464 49
17465 49
17466 49
17467 49
17468 49
17469 49
17470 49
17471 49
17472 49
17473 49
17474 49
17475 49
17476 49
17477 49
17478 49
17479 49
17480 49
17481 49
17482 49
17483 49
17484 49
17485 49
17486 49
17487 49
17488 49
17489 49
17490 49
17491 49
17492 49
17493 49
17494 49
17495 49
17496 49
17497 49
17498 49
17499 49
17500 49
17501 49
17502 49
17503 49
17504 49
17505 49
17506 49
17507 49
17508 49
17509 49
17510 49
17511 49
17512 49
17513 49
17514 49
17515 49
17516 49
17517 49
17518 49
17519 49
17520 50
17521 49
17522 49
17523 49
17524 49
17525 49
17526 50
17527 50
17528 50
17529 50
17530 49
17531 49
17532 49
17533 49
17534 49
17535 49
17536 49
17537 49
17538 49
17539 49
17540 49
17541 49
17542 49
17543 49
17544 49
17545 49
17546 49
17547 49
17548 49
17549 49
17550 50
17551 50
17552 50
17553 50
17554 50
17555 50
17556 49
17557 49
17558 50
17559 50
17560 50
17561 49
17562 50
17563 49
17564 49
17565 49
17566 49
17567 49
17568 49
17569 49
17570 49
17571 49
17572 49
17573 49
17574 49
17575 49
17576 49
17577 49
17578 49
17579 49
17580 49
17581 49
17582 49
17583 49
17584 49
17585 49
17586 49
17587 49
17588 49
17589 49
17590 49
17591 49
17592 49
17593 49
17594 49
17595 49
17596 49
17597 49
17598 49
17599 49
17600 49
17601 49
17602 49
17603 49
17604 49
17605 49
17606 49
17607 49
17608 49
17609 49
17610 49
17611 49
17612 49
17613 49
17614 49
17615 49
17616 49
17617 49
17618 49
17619 49
17620 49
17621 49
17622 49
17623 49
17624 49
17625 49
17626 49
17627 49
17628 49
17629 49
17630 49
17631 49
17632 49
17633 49
17634 49
17635 49
17636 49
17637 49
17638 49
17639 49
17640 49
17641 49
17642 49
17643 49
17644 49
17645 49
17646 49
17647 49
17648 49
17649 49
17650 49
17651 49
17652 49
17653 49
17654 49
17655 49
17656 49
17657 49
17658 49
17659 49
17660 49
17661 49
17662 49
17663 49
17664 49
17665 49
17666 49
17667 49
17668 49
17669 49
17670 49
17671 49
17672 49
17673 49
17674 49
17675 49
17676 49
17677 49
17678 49
17679 49
17680 49
17681 49
17682 49
17683 49
17684 49
17685 49
17686 49
17687 49
17688 49
17689 49
17690 49
17691 49
17692 49
17693 49
17694 49
17695 49
17696 49
17697 49
17698 49
17699 49
17700 49
17701 49
17702 49
17703 49
17704 49
17705 49
17706 49
17707 49
17708 49
17709 49
17710 49
17711 49
17712 49
17713 49
17714 49
17715 49
17716 49
17717 49
17718 49
17719 49
17720 49
17721 49
17722 49
17723 49
17724 49
17725 49
17726 49
17727 49
17728 49
17729 49
17730 49
17731 49
17732 49
17733 49
17734 49
17735 49
17736 49
17737 49
17738 49
17739 49
17740 49
17741 49
17742 49
17743 49
17744 49
17745 49
17746 49
17747 49
17748 49
17749 49
17750 49
17751 49
17752 49
17753 49
17754 49
17755 49
17756 49
17757 49
17758 49
17759 49
17760 49
17761 49
17762 49
17763 49
17764 49
17765 49
17766 49
17767 49
17768 49
17769 49
17770 49
17771 49
17772 49
17773 49
17774 49
17775 49
17776 49
17777 49
17778 49
17779 49
17780 49
17781 49
17782 49
17783 49
17784 49
17785 49
17786 49
17787 49
17788 49
17789 49
17790 49
17791 49
17792 49
17793 49
17794 49
17795 49
17796 49
17797 49
17798 49
17799 49
17800 49
17801 49
17802 49
17803 49
17804 49
17805 49
17806 49
17807 49
17808 49
17809 49
17810 49
17811 49
17812 49
17813 49
17814 49
17815 49
17816 49
17817 49
17818 49
17819 49
17820 49
17821 49
17822 49
17823 49
17824 49
17825 49
17826 49
17827 49
17828 49
17829 49
17830 49
17831 49
17832 49
17833 49
17834 49
17835 49
17836 49
17837 49
17838 49
17839 49
17840 49
17841 49
17842 49
17843 49
17844 49
17845 49
17846 49
17847 49
17848 49
17849 49
17850 49
17851 49
17852 49
17853 49
17854 49
17855 49
17856 49
17857 49
17858 49
17859 49
17860 49
17861 49
17862 49
17863 49
17864 49
17865 49
17866 49
17867 49
17868 49
17869 49
17870 49
17871 49
17872 49
17873 49
17874 49
17875 49
17876 49
17877 49
17878 50
17879 49
17880 49
17881 49
17882 49
17883 49
17884 50
17885 49
17886 49
17887 49
17888 49
17889 49
17890 49
17891 49
17892 49
17893 49
17894 49
17895 49
17896 49
17897 49
17898 49
17899 49
17900 49
17901 49
17902 49
17903 49
17904 49
17905 49
17906 49
17907 49
17908 49
17909 49
17910 49
17911 49
17912 49
17913 49
17914 49
17915 49
17916 49
17917 49
17918 49
17919 49
17920 49
17921 49
17922 49
17923 49
17924 49
17925 49
17926 49
17927 49
17928 50
17929 50
17930 49
17931 49
17932 49
17933 49
17934 49
17935 50
17936 50
17937 50
17938 50
17939 50
17940 50
17941 50
17942 50
17943 50
17944 50
17945 50
17946 50
17947 50
17948 50
17949 50
17950 50
17951 50
17952 50
17953 50
17954 50
17955 50
17956 50
17957 50
17958 50
17959 49
17960 50
17961 50
17962 50
17963 50
17964 50
17965 50
17966 50
17967 50
17968 50
17969 50
17970 50
17971 50
17972 50
17973 50
17974 50
17975 50
17976 50
17977 50
17978 50
17979 50
17980 50
17981 50
17982 50
17983 50
17984 50
17985 50
17986 50
17987 50
17988 50
17989 50
17990 50
17991 50
17992 50
17993 50
17994 50
17995 50
17996 50
17997 50
17998 50
17999 50
18000 50
18001 50
18002 50
18003 50
18004 50
18005 50
18006 50
18007 50
18008 50
18009 50
18010 50
18011 50
18012 50
18013 50
18014 50
18015 50
18016 50
18017 50
18018 50
18019 50
18020 50
18021 50
18022 48
18023 50
18024 50
18025 50
18026 50
18027 50
18028 50
18029 50
18030 50
18031 50
18032 50
18033 50
18034 50
18035 50
18036 50
18037 50
18038 50
18039 50
18040 50
18041 50
18042 50
18043 50
18044 50
18045 50
18046 50
18047 50
18048 50
18049 50
18050 50
18051 50
18052 50
18053 50
18054 50
18055 50
18056 50
18057 50
18058 50
18059 50
18060 50
18061 50
18062 50
18063 50
18064 50
18065 50
18066 50
18067 50
18068 50
18069 50
18070 50
18071 50
18072 50
18073 50
18074 50
18075 50
18076 50
18077 50
18078 50
18079 50
18080 50
18081 50
18082 50
18083 50
18084 50
18085 50
18086 50
18087 50
18088 50
18089 50
18090 50
18091 50
18092 50
18093 50
18094 50
18095 50
18096 50
18097 50
18098 50
18099 50
18100 50
18101 50
18102 50
18103 50
18104 50
18105 50
18106 50
18107 50
18108 50
18109 50
18110 50
18111 50
18112 50
18113 50
18114 50
18115 50
18116 50
18117 50
18118 50
18119 50
18120 50
18121 50
18122 50
18123 50
18124 50
18125 50
18126 50
18127 50
18128 50
18129 50
18130 50
18131 50
18132 50
18133 50
18134 50
18135 50
18136 50
18137 50
18138 50
18139 50
18140 50
18141 50
18142 50
18143 50
18144 50
18145 50
18146 50
18147 50
18148 50
18149 50
18150 50
18151 50
18152 50
18153 50
18154 50
18155 50
18156 50
18157 50
18158 50
18159 50
18160 50
18161 50
18162 50
18163 50
18164 50
18165 50
18166 50
18167 50
18168 50
18169 50
18170 50
18171 50
18172 50
18173 50
18174 50
18175 50
18176 50
18177 50
18178 50
18179 50
18180 50
18181 50
18182 50
18183 50
18184 50
18185 50
18186 50
18187 50
18188 50
18189 50
18190 50
18191 50
18192 50
18193 50
18194 50
18195 50
18196 50
18197 50
18198 50
18199 50
18200 50
18201 50
18202 50
18203 50
18204 50
18205 50
18206 50
18207 50
18208 50
18209 50
18210 50
18211 50
18212 50
18213 50
18214 50
18215 50
18216 50
18217 50
18218 50
18219 50
18220 50
18221 50
18222 50
18223 50
18224 50
18225 50
18226 50
18227 50
18228 50
18229 50
18230 50
18231 50
18232 50
18233 50
18234 50
18235 50
18236 50
18237 50
18238 50
18239 50
18240 50
18241 50
18242 50
18243 50
18244 50
18245 50
18246 50
18247 50
18248 50
18249 50
18250 50
18251 50
18252 50
18253 50
18254 50
18255 50
18256 50
18257 50
18258 50
18259 50
18260 50
18261 50
18262 50
18263 50
18264 50
18265 50
18266 50
18267 50
18268 50
18269 50
18270 50
18271 50
18272 50
18273 50
18274 50
18275 50
18276 50
18277 50
18278 50
18279 50
18280 50
18281 50
18282 50
18283 50
18284 50
18285 50
18286 50
18287 50
18288 50
18289 50
18290 50
18291 50
18292 50
18293 50
18294 50
18295 50
18296 50
18297 50
18298 50
18299 50
18300 50
18301 50
18302 50
18303 50
18304 50
18305 50
18306 50
18307 50
18308 50
18309 50
18310 50
18311 50
18312 50
18313 50
18314 50
18315 50
18316 50
18317 50
18318 50
18319 50
18320 50
18321 50
18322 50
18323 50
18324 50
18325 50
18326 50
18327 50
18328 50
18329 50
18330 50
18331 50
18332 50
18333 50
18334 50
18335 50
18336 50
18337 50
18338 50
18339 50
18340 50
18341 50
18342 50
18343 50
18344 50
18345 50
18346 50
18347 50
18348 50
18349 50
18350 50
18351 50
18352 50
18353 50
18354 50
18355 50
18356 50
18357 50
18358 50
18359 50
18360 50
18361 50
18362 50
18363 50
18364 50
18365 50
18366 50
18367 50
18368 50
18369 50
18370 50
18371 50
18372 50
18373 50
18374 50
18375 50
18376 50
18377 50
18378 50
18379 50
18380 50
18381 50
18382 50
18383 50
18384 50
18385 50
18386 50
18387 50
18388 50
18389 50
18390 50
18391 50
18392 50
18393 50
18394 50
18395 50
18396 50
18397 50
18398 50
18399 50
18400 50
18401 50
18402 50
18403 50
18404 50
18405 50
18406 50
18407 50
18408 50
18409 50
18410 50
18411 50
18412 50
18413 50
18414 50
18415 50
18416 50
18417 50
18418 50
18419 50
18420 50
18421 50
18422 50
18423 50
18424 50
18425 50
18426 50
18427 50
18428 50
18429 50
18430 50
18431 50
18432 50
18433 50
18434 50
18435 50
18436 50
18437 50
18438 50
18439 50
18440 50
18441 50
18442 50
18443 50
18444 50
18445 50
18446 50
18447 50
18448 50
18449 50
18450 50
18451 50
18452 50
18453 50
18454 50
18455 50
18456 50
18457 50
18458 50
18459 50
18460 50
18461 50
18462 50
18463 50
18464 50
18465 50
18466 50
18467 50
18468 50
18469 50
18470 50
18471 50
18472 50
18473 50
18474 50
18475 50
18476 50
18477 50
18478 50
18479 50
18480 50
18481 50
18482 50
18483 50
18484 50
18485 50
18486 50
18487 50
18488 50
18489 50
18490 50
18491 50
18492 50
18493 50
18494 50
18495 50
18496 50
18497 50
18498 50
18499 50
18500 50
18501 50
18502 50
18503 50
18504 50
18505 50
18506 50
18507 50
18508 50
18509 50
18510 50
18511 50
18512 50
18513 50
18514 50
18515 50
18516 50
18517 50
18518 50
18519 50
18520 50
18521 50
18522 50
18523 50
18524 50
18525 50
18526 50
18527 50
18528 50
18529 50
18530 50
18531 50
18532 50
18533 50
18534 50
18535 50
18536 50
18537 50
18538 50
18539 50
18540 50
18541 50
18542 50
18543 50
18544 50
18545 50
18546 50
18547 50
18548 50
18549 50
18550 50
18551 50
18552 50
18553 50
18554 50
18555 50
18556 50
18557 50
18558 50
18559 50
18560 50
18561 50
18562 50
18563 50
18564 50
18565 50
18566 50
18567 50
18568 50
18569 50
18570 50
18571 50
18572 50
18573 50
18574 50
18575 50
18576 50
18577 50
18578 50
18579 50
18580 50
18581 50
18582 50
18583 50
18584 50
18585 50
18586 50
18587 50
18588 50
18589 50
18590 50
18591 50
18592 50
18593 50
18594 50
18595 50
18596 50
18597 50
18598 50
18599 50
18600 50
18601 50
18602 50
18603 50
18604 50
18605 50
18606 50
18607 50
18608 50
18609 50
18610 50
18611 50
18612 50
18613 50
18614 50
18615 50
18616 50
18617 50
18618 50
18619 50
18620 50
18621 50
18622 50
18623 50
18624 50
18625 50
18626 50
18627 50
18628 50
18629 50
18630 50
18631 50
18632 50
18633 50
18634 50
18635 50
18636 50
18637 50
18638 50
18639 50
18640 50
18641 50
18642 50
18643 50
18644 50
18645 50
18646 50
18647 50
18648 50
18649 50
18650 50
18651 50
18652 50
18653 50
18654 50
18655 50
18656 50
18657 50
18658 50
18659 50
18660 50
18661 50
18662 50
18663 50
18664 50
18665 50
18666 50
18667 50
18668 50
18669 50
18670 50
18671 50
18672 50
18673 50
18674 50
18675 50
18676 50
18677 50
18678 50
18679 50
18680 50
18681 50
18682 50
18683 50
18684 50
18685 50
18686 50
18687 50
18688 50
18689 50
18690 50
18691 50
18692 50
18693 50
18694 50
18695 50
18696 50
18697 50
18698 50
18699 50
18700 50
18701 50
18702 50
18703 50
18704 50
18705 50
18706 50
18707 50
18708 50
18709 50
18710 50
18711 50
18712 50
18713 50
18714 50
18715 50
18716 50
18717 50
18718 50
18719 50
18720 50
18721 50
18722 50
18723 50
18724 50
18725 50
18726 50
18727 50
18728 50
18729 50
18730 50
18731 50
18732 50
18733 50
18734 50
18735 50
18736 50
18737 50
18738 50
18739 50
18740 50
18741 50
18742 50
18743 50
18744 50
18745 50
18746 50
18747 50
18748 50
18749 50
18750 50
18751 50
18752 50
18753 50
18754 50
18755 50
18756 50
18757 50
18758 50
18759 50
18760 50
18761 50
18762 50
18763 50
18764 50
18765 50
18766 50
18767 50
18768 50
18769 50
18770 50
18771 50
18772 49
18773 50
18774 50
18775 50
18776 50
18777 50
18778 50
18779 50
18780 50
18781 50
18782 50
18783 50
18784 50
18785 50
18786 50
18787 50
18788 50
18789 50
18790 50
18791 50
18792 50
18793 50
18794 50
18795 50
18796 50
18797 50
18798 50
18799 50
18800 50
18801 50
18802 50
18803 50
18804 50
18805 50
18806 50
18807 50
18808 50
18809 50
18810 50
18811 50
18812 50
18813 50
18814 50
18815 50
18816 50
18817 50
18818 50
18819 50
18820 50
18821 50
18822 50
18823 50
18824 50
18825 50
18826 50
18827 50
18828 50
18829 50
18830 50
18831 50
18832 50
18833 50
18834 50
18835 50
18836 50
18837 50
18838 50
18839 50
18840 50
18841 50
18842 50
18843 50
18844 50
18845 50
18846 50
18847 50
18848 50
18849 50
18850 50
18851 50
18852 50
18853 50
18854 50
18855 50
18856 50
18857 50
18858 50
18859 50
18860 50
18861 50
18862 50
18863 50
18864 50
18865 50
18866 50
18867 50
18868 50
18869 50
18870 50
18871 50
18872 50
18873 50
18874 50
18875 50
18876 50
18877 50
18878 50
18879 50
18880 50
18881 50
18882 50
18883 50
18884 50
18885 50
18886 50
18887 50
18888 50
18889 50
18890 50
18891 50
18892 50
18893 50
18894 50
18895 50
18896 50
18897 50
18898 50
18899 50
18900 50
18901 50
18902 50
18903 50
18904 50
18905 50
18906 50
18907 50
18908 50
18909 50
18910 50
18911 50
18912 50
18913 50
18914 50
18915 50
18916 50
18917 50
18918 50
18919 50
18920 50
18921 50
18922 50
18923 50
18924 50
18925 50
18926 50
18927 50
18928 50
18929 50
18930 50
18931 50
18932 50
18933 50
18934 50
18935 50
18936 50
18937 50
18938 50
18939 50
18940 50
18941 50
18942 50
18943 50
18944 50
18945 50
18946 50
18947 50
18948 50
18949 50
18950 50
18951 50
18952 50
18953 50
18954 50
18955 50
18956 50
18957 50
18958 50
18959 50
18960 50
18961 50
18962 50
18963 50
18964 50
18965 50
18966 50
18967 50
18968 50
18969 50
18970 50
18971 50
18972 50
18973 50
18974 50
18975 50
18976 50
18977 50
18978 50
18979 50
18980 50
18981 50
18982 50
18983 50
18984 50
18985 50
18986 50
18987 50
18988 50
18989 50
18990 50
18991 50
18992 50
18993 50
18994 50
18995 50
18996 50
18997 50
18998 50
18999 50
19000 50
19001 50
19002 50
19003 50
19004 50
19005 50
19006 50
19007 50
19008 50
19009 50
19010 50
19011 50
19012 50
19013 50
19014 50
19015 50
19016 50
19017 50
19018 50
19019 50
19020 50
19021 50
19022 50
19023 50
19024 50
19025 50
19026 50
19027 50
19028 50
19029 50
19030 50
19031 50
19032 50
19033 50
19034 50
19035 50
19036 50
19037 50
19038 50
19039 50
19040 50
19041 50
19042 50
19043 50
19044 50
19045 50
19046 50
19047 50
19048 50
19049 50
19050 50
19051 50
19052 50
19053 50
19054 50
19055 50
19056 50
19057 50
19058 50
19059 50
19060 50
19061 50
19062 50
19063 50
19064 50
19065 50
19066 50
19067 50
19068 50
19069 50
19070 50
19071 50
19072 50
19073 50
19074 50
19075 50
19076 50
19077 50
19078 50
19079 50
19080 50
19081 50
19082 50
19083 50
19084 50
19085 50
19086 50
19087 50
19088 50
19089 50
19090 50
19091 50
19092 50
19093 50
19094 50
19095 50
19096 50
19097 50
19098 50
19099 50
19100 50
19101 50
19102 50
19103 50
19104 50
19105 50
19106 50
19107 50
19108 50
19109 50
19110 50
19111 50
19112 50
19113 50
19114 50
19115 50
19116 50
19117 50
19118 50
19119 50
19120 50
19121 50
19122 50
19123 50
19124 50
19125 50
19126 50
19127 50
19128 50
19129 50
19130 50
19131 50
19132 50
19133 50
19134 50
19135 50
19136 50
19137 50
19138 50
19139 50
19140 50
19141 50
19142 50
19143 50
19144 50
19145 50
19146 50
19147 50
19148 50
19149 50
19150 50
19151 50
19152 50
19153 50
19154 50
19155 50
19156 50
19157 50
19158 50
19159 50
19160 50
19161 50
19162 50
19163 50
19164 50
19165 50
19166 50
19167 50
19168 50
19169 50
19170 50
19171 50
19172 50
19173 50
19174 50
19175 50
19176 50
19177 50
19178 50
19179 50
19180 50
19181 50
19182 50
19183 50
19184 50
19185 50
19186 50
19187 50
19188 50
19189 50
19190 50
19191 50
19192 50
19193 50
19194 50
19195 50
19196 50
19197 50
19198 50
19199 50
19200 50
19201 50
19202 50
19203 50
19204 50
19205 50
19206 50
19207 50
19208 50
19209 50
19210 50
19211 50
19212 50
19213 50
19214 50
19215 50
19216 50
19217 50
19218 50
19219 50
19220 50
19221 50
19222 50
19223 50
19224 50
19225 50
19226 50
19227 50
19228 50
19229 50
19230 50
19231 50
19232 50
19233 50
19234 50
19235 50
19236 50
19237 50
19238 50
19239 50
19240 50
19241 50
19242 50
19243 50
19244 50
19245 50
19246 50
19247 50
19248 50
19249 50
19250 50
19251 50
19252 50
19253 50
19254 50
19255 50
19256 50
19257 50
19258 50
19259 50
19260 50
19261 50
19262 50
19263 50
19264 50
19265 50
19266 50
19267 50
19268 50
19269 50
19270 50
19271 50
19272 50
19273 50
19274 50
19275 50
19276 50
19277 50
19278 50
19279 50
19280 50
19281 50
19282 50
19283 50
19284 50
19285 50
19286 50
19287 50
19288 50
19289 50
19290 50
19291 50
19292 50
19293 50
19294 50
19295 50
19296 50
19297 50
19298 50
19299 50
19300 50
19301 50
19302 50
19303 50
19304 50
19305 50
19306 50
19307 50
19308 50
19309 50
19310 50
19311 50
19312 50
19313 50
19314 50
19315 50
19316 50
19317 50
19318 50
19319 50
19320 50
19321 50
19322 50
19323 50
19324 50
19325 50
19326 50
19327 50
19328 50
19329 50
19330 50
19331 50
19332 50
19333 50
19334 50
19335 50
19336 50
19337 50
19338 50
19339 50
19340 50
19341 50
19342 50
19343 50
19344 50
19345 50
19346 50
19347 50
19348 50
19349 50
19350 50
19351 50
19352 50
19353 50
19354 50
19355 50
19356 50
19357 50
19358 50
19359 50
19360 50
19361 50
19362 50
19363 50
19364 50
19365 50
19366 50
19367 50
19368 50
19369 50
19370 50
19371 50
19372 50
19373 50
19374 50
19375 50
19376 50
19377 50
19378 50
19379 50
19380 50
19381 50
19382 50
19383 50
19384 50
19385 50
19386 50
19387 50
19388 50
19389 50
19390 50
19391 50
19392 50
19393 50
19394 50
19395 50
19396 50
19397 50
19398 50
19399 50
19400 50
19401 50
19402 50
19403 50
19404 50
19405 50
19406 50
19407 50
19408 50
19409 50
19410 50
19411 50
19412 50
19413 50
19414 50
19415 50
19416 50
19417 50
19418 50
19419 50
19420 50
19421 50
19422 50
19423 50
19424 50
19425 50
19426 50
19427 50
19428 50
19429 50
19430 50
19431 50
19432 50
19433 50
19434 50
19435 50
19436 50
19437 50
19438 50
19439 50
19440 50
19441 50
19442 50
19443 50
19444 50
19445 50
19446 50
19447 50
19448 50
19449 50
19450 50
19451 50
19452 50
19453 50
19454 50
19455 50
19456 50
19457 50
19458 50
19459 50
19460 50
19461 50
19462 50
19463 50
19464 50
19465 50
19466 50
19467 50
19468 50
19469 50
19470 50
19471 50
19472 50
19473 50
19474 50
19475 50
19476 50
19477 50
19478 50
19479 50
19480 50
19481 50
19482 50
19483 50
19484 50
19485 50
19486 50
19487 50
19488 50
19489 50
19490 50
19491 50
19492 50
19493 50
19494 50
19495 50
19496 50
19497 50
19498 50
19499 50
19500 50
19501 50
19502 50
19503 50
19504 50
19505 50
19506 50
19507 50
19508 50
19509 50
19510 50
19511 50
19512 50
19513 50
19514 50
19515 50
19516 50
19517 50
19518 50
19519 50
19520 50
19521 50
19522 50
19523 50
19524 50
19525 50
19526 50
19527 50
19528 50
19529 50
19530 50
19531 50
19532 50
19533 50
19534 50
19535 50
19536 50
19537 50
19538 50
19539 50
19540 50
19541 50
19542 50
19543 50
19544 50
19545 50
19546 50
19547 50
19548 50
19549 50
19550 50
19551 50
19552 50
19553 50
19554 50
19555 50
19556 50
19557 50
19558 50
19559 50
19560 50
19561 50
19562 50
19563 50
19564 50
19565 50
19566 50
19567 50
19568 50
19569 50
19570 50
19571 50
19572 50
19573 50
19574 50
19575 50
19576 50
19577 50
19578 50
19579 50
19580 50
19581 50
19582 50
19583 50
19584 50
19585 50
19586 50
19587 50
19588 50
19589 50
19590 50
19591 50
19592 50
19593 50
19594 50
19595 50
19596 50
19597 50
19598 50
19599 50
19600 50
19601 50
19602 50
19603 50
19604 50
19605 50
19606 50
19607 50
19608 50
19609 50
19610 50
19611 50
19612 50
19613 50
19614 50
19615 50
19616 50
19617 50
19618 50
19619 50
19620 50
19621 50
19622 50
19623 50
19624 50
19625 50
19626 50
19627 50
19628 50
19629 50
19630 50
19631 50
19632 50
19633 50
19634 50
19635 50
19636 50
19637 50
19638 50
19639 50
19640 50
19641 50
19642 50
19643 50
19644 50
19645 50
19646 50
19647 50
19648 50
19649 50
19650 50
19651 50
19652 50
19653 50
19654 50
19655 50
19656 50
19657 50
19658 50
19659 50
19660 50
19661 50
19662 50
19663 50
19664 50
19665 50
19666 50
19667 50
19668 50
19669 50
19670 50
19671 50
19672 50
19673 50
19674 50
19675 50
19676 50
19677 50
19678 50
19679 50
19680 50
19681 50
19682 50
19683 50
19684 50
19685 50
19686 50
19687 50
19688 50
19689 50
19690 50
19691 50
19692 50
19693 50
19694 50
19695 50
19696 50
19697 50
19698 50
19699 50
19700 50
19701 50
19702 50
19703 50
19704 50
19705 50
19706 50
19707 50
19708 50
19709 50
19710 50
19711 50
19712 50
19713 50
19714 50
19715 50
19716 50
19717 50
19718 50
19719 50
19720 50
19721 50
19722 50
19723 50
19724 50
19725 50
19726 50
19727 49
19728 49
19729 49
19730 49
19731 49
19732 49
19733 49
19734 49
19735 49
19736 49
19737 49
19738 49
19739 49
19740 49
19741 49
19742 49
19743 49
19744 49
19745 49
19746 49
19747 49
19748 49
19749 49
19750 49
19751 49
19752 49
19753 49
19754 49
19755 49
19756 49
19757 49
19758 49
19759 49
19760 49
19761 49
19762 49
19763 49
19764 49
19765 49
19766 49
19767 49
19768 49
19769 49
19770 49
19771 49
19772 49
19773 49
19774 49
19775 49
19776 49
19777 49
19778 49
19779 49
19780 49
19781 49
19782 49
19783 49
19784 49
19785 49
19786 49
19787 49
19788 49
19789 49
19790 49
19791 49
19792 49
19793 49
19794 49
19795 49
19796 49
19797 49
19798 49
19799 49
19800 49
19801 49
19802 49
19803 49
19804 49
19805 49
19806 49
19807 49
19808 49
19809 49
19810 49
19811 49
19812 49
19813 49
19814 49
19815 49
19816 49
19817 49
19818 49
19819 49
19820 49
19821 49
19822 49
19823 49
19824 49
19825 49
19826 50
19827 50
19828 49
19829 49
19830 50
19831 50
19832 50
19833 50
19834 50
19835 50
19836 50
19837 50
19838 50
19839 50
19840 50
19841 50
19842 50
19843 50
19844 49
19845 50
19846 50
19847 50
19848 49
19849 49
19850 49
19851 49
19852 49
19853 49
19854 50
19855 49
19856 49
19857 49
19858 49
19859 49
19860 49
19861 49
19862 49
19863 49
19864 49
19865 49
19866 49
19867 49
19868 49
19869 50
19870 49
19871 49
19872 50
19873 50
19874 50
19875 50
19876 49
19877 49
19878 49
19879 50
19880 50
19881 50
19882 50
19883 50
19884 50
19885 50
19886 50
19887 50
19888 50
19889 50
19890 50
19891 50
19892 50
19893 50
19894 50
19895 50
19896 50
19897 50
19898 49
19899 50
19900 49
19901 50
19902 49
19903 50
19904 50
19905 49
19906 49
19907 49
19908 49
19909 49
19910 49
19911 49
19912 49
19913 49
19914 49
19915 49
19916 49
19917 49
19918 49
19919 49
19920 49
19921 49
19922 49
19923 49
19924 49
19925 49
19926 49
19927 49
19928 49
19929 49
19930 49
19931 49
19932 49
19933 49
19934 49
19935 49
19936 49
19937 49
19938 49
19939 49
19940 49
19941 49
19942 49
19943 49
19944 49
19945 49
19946 49
19947 49
19948 49
19949 49
19950 49
19951 49
19952 49
19953 49
19954 49
19955 49
19956 49
19957 49
19958 49
19959 49
19960 49
19961 49
19962 49
19963 49
19964 49
19965 49
19966 49
19967 49
19968 49
19969 49
19970 49
19971 49
19972 49
19973 49
19974 49
19975 49
19976 49
19977 49
19978 49
19979 49
19980 49
19981 49
19982 49
19983 49
19984 49
19985 49
19986 49
19987 49
19988 49
19989 49
19990 49
19991 49
19992 49
19993 49
19994 49
19995 49
19996 49
19997 49
19998 49
19999 49
20000 49
